1000 50
280 217 1
282 83 1
282 152 1
287 101 1
289 221 1
289 207 1
289 218 1
289 219 1
289 225 1
289 167 1
289 194 1
289 283 1
289 245 1
289 255 1
290 63 1
290 68 1
290 27 1
290 37 1
290 43 1
290 48 1
290 118 1
290 26 1
290 14 1
290 21 1
290 239 1
290 208 1
291 259 1
291 268 1
291 273 1
291 211 1
291 214 1
291 220 1
291 231 1
291 232 1
291 234 1
291 290 1
291 99 1
291 110 1
291 57 1
291 28 1
292 116 1
292 71 1
292 170 1
292 175 1
292 179 1
292 188 1
292 190 1
292 138 1
292 140 1
292 53 1
292 151 1
292 154 1
292 24 1
292 35 1
292 39 1
292 42 1
292 45 1
292 5 1
292 9 1
292 243 1
292 244 1
292 267 1
292 226 1
292 229 1
292 281 1
293 122 1
293 109 1
293 113 1
293 117 1
293 132 1
293 133 1
293 75 1
293 89 1
293 193 1
293 213 1
293 171 1
293 44 1
293 52 1
294 97 1
294 198 1
294 6 1
295 253 1
295 7 1
296 144 1
296 150 1
296 156 1
296 114 1
296 141 1
296 36 1
297 157 1
297 286 1
297 32 1
297 100 1
297 120 1
414 254 1
414 391 1
414 406 1
414 401 1
414 367 1
414 82 1
414 78 1
414 62 1
414 51 1
414 119 1
415 412 1
415 375 1
415 398 1
416 249 1
416 230 1
416 266 1
416 271 1
416 261 1
416 253 1
416 185 1
416 214 1
416 216 1
416 215 1
416 336 1
416 332 1
416 327 1
416 323 1
416 320 1
416 346 1
416 352 1
416 348 1
416 294 1
416 287 1
416 285 1
416 280 1
416 183 1
416 297 1
416 18 1
416 163 1
416 91 1
416 127 1
416 136 1
416 134 1
416 126 1
416 411 1
416 359 1
416 357 1
416 402 1
416 388 1
417 199 1
417 193 1
417 224 1
417 223 1
417 218 1
417 275 1
417 264 1
417 258 1
417 13 1
417 111 1
417 104 1
417 55 1
417 74 1
417 67 1
420 389 1
421 22 1
494 491 1
495 491 1
495 475 1
496 129 1
496 124 1
496 139 1
496 88 1
496 197 1
496 149 1
496 1 1
496 11 1
496 60 1
496 69 1
496 49 1
496 20 1
496 47 1
496 476 1
496 477 1
496 482 1
496 458 1
496 274 1
525 344 1
525 147 1
525 131 1
525 205 1
525 192 1
525 514 1
526 188 1
526 186 1
526 204 1
526 195 1
526 228 1
526 92 1
526 86 1
526 65 1
526 80 1
526 73 1
526 153 1
526 128 1
526 413 1
526 415 1
526 372 1
526 435 1
526 269 1
526 251 1
526 248 1
526 341 1
526 338 1
526 302 1
526 317 1
526 506 1
527 418 1
527 480 1
527 474 1
528 2 1
557 430 1
557 434 1
557 436 1
557 414 1
557 467 1
557 468 1
561 228 1
569 548 1
569 559 1
569 555 1
569 556 1
569 531 1
569 534 1
569 566 1
569 497 1
569 485 1
569 512 1
570 12 1
570 15 1
570 29 1
579 523 1
579 525 1
579 515 1
579 513 1
579 479 1
579 500 1
579 504 1
579 432 1
580 4 1
596 536 1
597 216 1
597 228 1
597 257 1
597 270 1
597 150 1
597 212 1
597 178 1
597 337 1
597 307 1
605 310 1
605 279 1
605 297 1
605 342 1
605 350 1
605 330 1
605 172 1
612 148 1
612 155 1
612 135 1
614 541 1
614 553 1
636 521 1
636 452 1
636 455 1
637 466 1
637 472 1
637 498 1
637 486 1
637 489 1
637 427 1
637 436 1
637 437 1
637 438 1
637 439 1
637 424 1
637 440 1
637 551 1
637 572 1
637 509 1
637 284 1
637 381 1
637 396 1
637 353 1
637 355 1
637 588 1
637 632 1
637 623 1
638 142 1
655 633 1
656 642 1
657 373 1
657 384 1
657 380 1
657 351 1
657 348 1
657 394 1
657 393 1
657 399 1
657 314 1
657 313 1
657 308 1
657 324 1
657 322 1
657 471 1
657 457 1
657 463 1
657 481 1
657 422 1
657 429 1
657 145 1
657 105 1
657 263 1
657 619 1
699 681 1
699 675 1
699 678 1
699 679 1
699 641 1
700 79 1
700 524 1
701 471 1
701 484 1
701 533 1
701 492 1
701 400 1
701 386 1
701 382 1
701 671 1
701 697 1
701 688 1
701 565 1
701 568 1
701 593 1
701 602 1
702 93 1
702 102 1
702 87 1
702 121 1
702 124 1
702 85 1
702 164 1
702 165 1
702 168 1
702 169 1
702 30 1
702 34 1
702 23 1
702 54 1
702 41 1
702 293 1
702 298 1
702 306 1
702 312 1
702 277 1
702 329 1
702 331 1
702 333 1
702 339 1
702 173 1
702 222 1
702 265 1
702 241 1
702 483 1
702 673 1
703 139 1
703 196 1
703 181 1
703 203 1
703 84 1
703 50 1
703 311 1
703 304 1
703 328 1
703 227 1
705 610 1
706 93 1
746 715 1
751 416 1
751 392 1
751 453 1
751 376 1
751 363 1
751 595 1
751 582 1
751 490 1
751 517 1
751 160 1
751 64 1
751 38 1
751 247 1
751 303 1
751 191 1
751 233 1
751 695 1
751 683 1
751 608 1
751 613 1
751 636 1
751 743 1
751 739 1
751 727 1
752 709 1
752 704 1
752 744 1
752 629 1
752 621 1
752 620 1
752 666 1
752 656 1
752 653 1
752 640 1
752 459 1
752 454 1
752 447 1
752 444 1
752 478 1
752 469 1
752 421 1
752 583 1
752 578 1
752 571 1
752 618 1
752 510 1
752 544 1
752 539 1
752 187 1
753 112 1
753 106 1
753 103 1
753 138 1
753 81 1
753 40 1
753 30 1
753 16 1
753 59 1
753 72 1
753 66 1
753 61 1
753 535 1
753 547 1
753 451 1
753 465 1
753 460 1
753 644 1
753 631 1
753 630 1
753 647 1
753 563 1
753 615 1
753 282 1
753 238 1
753 210 1
753 209 1
753 423 1
753 343 1
753 741 1
754 319 1
754 720 1
754 672 1
754 663 1
755 648 1
755 657 1
755 684 1
755 669 1
755 658 1
755 732 1
756 522 1
756 552 1
756 278 1
821 731 1
821 745 1
821 721 1
821 724 1
821 778 1
821 748 1
821 693 1
821 792 1
821 780 1
821 803 1
821 810 1
821 814 1
822 193 1
822 816 1
822 725 1
822 716 1
822 718 1
822 793 1
822 529 1
822 646 1
822 574 1
822 590 1
823 638 1
823 640 1
823 665 1
823 687 1
823 555 1
823 537 1
823 540 1
823 600 1
823 606 1
823 614 1
823 616 1
823 581 1
823 790 1
823 791 1
823 808 1
823 809 1
823 711 1
823 719 1
823 698 1
823 772 1
823 775 1
823 305 1
823 315 1
823 316 1
823 288 1
823 354 1
823 321 1
823 235 1
823 272 1
823 252 1
823 449 1
823 507 1
823 511 1
823 518 1
823 501 1
823 528 1
823 426 1
823 428 1
823 409 1
824 3 1
824 433 1
824 435 1
824 450 1
824 419 1
824 431 1
824 456 1
824 347 1
824 598 1
824 609 1
824 622 1
824 594 1
824 627 1
824 634 1
824 546 1
824 520 1
824 25 1
826 617 1
826 651 1
826 757 1
826 545 1
827 28 1
846 800 1
846 813 1
848 599 1
848 596 1
848 685 1
848 661 1
848 538 1
848 503 1
848 799 1
848 794 1
848 729 1
848 738 1
848 735 1
848 705 1
848 771 1
848 769 1
848 786 1
848 783 1
848 766 1
848 762 1
849 200 1
849 214 1
849 162 1
849 158 1
849 177 1
849 176 1
849 174 1
849 242 1
849 250 1
849 96 1
849 143 1
849 146 1
849 137 1
849 108 1
849 360 1
849 365 1
849 374 1
849 260 1
849 309 1
849 645 1
849 499 1
849 811 1
849 787 1
849 722 1
849 676 1
849 728 1
850 186 1
850 46 1
850 125 1
853 21 1
868 806 1
868 747 1
868 770 1
868 760 1
868 662 1
868 710 1
868 807 1
868 839 1
868 842 1
869 115 1
869 93 1
869 90 1
869 98 1
869 161 1
869 76 1
869 182 1
869 202 1
869 795 1
869 862 1
869 836 1
869 838 1
876 678 1
876 750 1
877 612 1
877 635 1
877 628 1
877 626 1
877 569 1
877 567 1
877 564 1
877 560 1
877 570 1
877 558 1
877 575 1
877 591 1
877 577 1
877 584 1
877 696 1
877 713 1
877 708 1
877 660 1
877 659 1
877 655 1
877 654 1
877 652 1
877 680 1
877 677 1
877 668 1
877 410 1
877 335 1
877 448 1
877 815 1
877 730 1
877 781 1
877 858 1
877 871 1
886 866 1
886 852 1
886 861 1
886 847 1
887 1 1
887 864 1
888 31 1
890 587 1
890 586 1
890 592 1
890 567 1
890 562 1
890 643 1
890 625 1
890 624 1
890 604 1
890 611 1
891 522 1
893 797 1
893 791 1
893 774 1
893 784 1
893 692 1
893 667 1
893 733 1
893 828 1
893 843 1
893 851 1
894 16 1
900 371 1
900 377 1
900 404 1
900 395 1
900 387 1
900 361 1
900 364 1
900 345 1
900 206 1
900 726 1
900 859 1
900 867 1
900 487 1
903 720 1
903 742 1
903 830 1
904 95 1
904 94 1
904 93 1
904 107 1
904 70 1
904 123 1
907 258 1
908 497 1
908 473 1
918 845 1
918 848 1
918 849 1
918 855 1
918 856 1
918 826 1
918 834 1
918 817 1
918 818 1
918 819 1
918 901 1
918 881 1
918 691 1
918 777 1
918 763 1
918 717 1
918 589 1
919 31 1
919 58 1
919 53 1
919 19 1
919 8 1
919 10 1
919 77 1
919 276 1
919 340 1
919 370 1
919 356 1
919 301 1
919 326 1
919 898 1
919 882 1
927 712 1
927 704 1
927 857 1
927 924 1
928 462 1
928 488 1
928 407 1
928 420 1
928 543 1
928 369 1
928 779 1
928 746 1
928 798 1
928 649 1
928 650 1
929 721 1
945 629 1
945 820 1
945 896 1
945 897 1
946 552 1
946 889 1
949 386 1
949 368 1
949 470 1
949 911 1
949 917 1
949 936 1
949 883 1
949 872 1
949 639 1
949 554 1
949 805 1
949 737 1
950 425 1
950 397 1
950 407 1
950 408 1
950 447 1
950 371 1
950 358 1
950 366 1
950 394 1
950 390 1
950 385 1
950 530 1
950 580 1
950 585 1
950 573 1
950 519 1
950 491 1
950 201 1
950 237 1
950 240 1
950 159 1
950 166 1
950 130 1
950 180 1
950 184 1
950 189 1
950 262 1
950 909 1
950 885 1
950 940 1
950 694 1
950 682 1
950 686 1
950 689 1
950 699 1
950 723 1
950 707 1
950 601 1
950 796 1
950 802 1
950 812 1
950 840 1
950 740 1
951 74 1
951 56 1
951 33 1
951 884 1
951 931 1
951 912 1
951 941 1
951 758 1
952 837 1
952 832 1
952 942 1
952 914 1
952 916 1
954 302 1
955 943 1
957 905 1
962 47 1
965 96 1
966 141 1
972 922 1
972 921 1
972 902 1
972 956 1
972 948 1
972 967 1
972 961 1
973 895 1
973 925 1
973 860 1
973 969 1
973 953 1
973 947 1
973 854 1
973 846 1
973 773 1
973 804 1
973 782 1
974 42 1
974 926 1
974 880 1
974 935 1
974 968 1
974 964 1
975 788 1
975 789 1
975 767 1
975 764 1
975 736 1
975 734 1
975 870 1
975 865 1
975 875 1
975 874 1
975 873 1
975 831 1
975 829 1
975 841 1
975 835 1
975 607 1
975 550 1
975 700 1
975 933 1
975 957 1
975 952 1
975 892 1
976 493 1
976 525 1
976 516 1
976 508 1
976 505 1
976 502 1
976 442 1
976 446 1
976 445 1
976 443 1
976 441 1
976 464 1
976 461 1
976 572 1
976 581 1
976 576 1
976 603 1
976 542 1
976 532 1
976 527 1
976 549 1
976 300 1
976 299 1
976 325 1
976 319 1
976 318 1
976 256 1
976 246 1
976 383 1
976 379 1
976 378 1
976 405 1
976 403 1
976 349 1
976 334 1
976 362 1
976 821 1
976 825 1
976 801 1
976 913 1
976 910 1
976 899 1
976 878 1
976 879 1
976 873 1
976 866 1
976 674 1
976 670 1
976 664 1
976 690 1
976 749 1
976 765 1
976 761 1
976 756 1
976 714 1
976 236 1
976 17 1
976 960 1
977 920 1
977 913 1
977 906 1
977 944 1
977 868 1
977 972 1
977 973 1
977 971 1
977 959 1
977 759 1
977 768 1
977 785 1
977 776 1
978 64 1
978 915 1
978 939 1
978 938 1
978 934 1
980 877 1
980 955 1
981 637 1
981 963 1
981 930 1
981 844 1
981 833 1
982 348 1
982 937 1
983 792 1
983 863 1
983 979 1
983 970 1
983 958 1
983 932 1
983 923 1
984 223 1
987 985 1
988 412 1
990 964 1
992 860 1
993 704 1
993 991 1
993 989 1
993 987 1
994 62 1
995 83 1
997 775 1
998 901 1
998 996 1
999 79 1
999 986 1
1000 490 1
