100
7 302
384 584
65 484
576 593
811 987
3 10
6 963
9 121
29 731
261 424
3 4
227 998
201 284
9 221
21 302
3 584
121 584
483 485
1 101
1 104
96 303
1 485
1 6
120 121
3 65
40 987
1 302
483 584
728 788
371 829
1 221
11 866
8 484
120 484
17 235
48 702
10 120
246 967
120 584
8 221
122 483
1 65
393 935
1 122
1 9
7 109
122 1000
144 373
21 742
8 65
21 584
63 393
21 122
4 9
169 226
4 302
1 1000
357 404
65 122
121 484
738 823
1 109
3 9
120 485
4 65
21 484
120 302
4 109
209 915
121 122
65 742
484 584
21 121
8 122
9 584
9 65
413 505
21 485
414 773
100 1000
205 995
7 584
7 65
1 742
1 5
335 896
303 742
4 10
1 584
40 559
739 801
3 5
3 109
1 2
331 653
1 4
65 485
8 121
641 802
93 988
