20
47 0.960 0.088 0.081 0.628 0.777 0.948 0.515
53 0.623 0.075 0.451 0.830 0.258 0.036 0.105
47 0.919 0.906 0.703 0.151 0.851 0.311 0.505
7 0.646 0.195 0.437 0.617 0.120 0.642 0.828
29 0.767 0.586 0.279 0.921 0.407 0.019 0.732
30 0.889 0.482 0.277 0.194 0.392 0.339 0.886
1 1.000 0.000 1.000 1.000 1.000 1.000 1.000
37 0.916 0.809 0.178 0.801 0.235 0.996 0.077
41 0.411 0.033 0.972 0.669 0.828 0.748 0.402
66 0.820 0.682 0.189 0.313 0.558 0.181 0.919
2 0.180 0.156 0.548 0.790 0.004 0.311 0.019
95 0.394 0.045 0.961 0.263 0.896 0.214 0.382
26 0.928 0.246 0.915 0.726 0.009 0.732 0.041
42 0.219 0.065 0.968 0.173 0.045 0.878 0.889
86 0.579 0.110 0.861 0.275 0.848 0.350 0.123
1 0.800 0.100 0.500 0.500 0.500 0.500 0.500
73 0.733 0.648 0.371 0.866 0.469 0.782 0.003
2 0.600 0.200 0.500 0.100 1.000 0.100 1.000
67 0.329 0.065 0.937 0.810 0.385 0.159 0.381
58 0.472 0.182 0.418 0.097 0.569 0.816 0.711
