100
1 314198002520134867
2 9520801924 13653555259
1 17455612157553678109
1 11253377323810493691
2 349473619718 243513450517
1 3690662839849323623
1 12104290891187754026
2 35743447729 7614459674
1 1212979647896670586
1 2775217963675377363
2 57171551037 41458567022
1 3226116179311983591
1 7536238004344035515
1 3201435316229075518
1 6232457883064383441
1 1032651438822764810
2 150656004413 104510831906
1 276598018611340809
1 15569444089883525288
2 19951152893 36396096096
1 5427104067080928079
2 13220400382 16256620749
2 128437867013 109506969362
1 4727094950753642674
2 191516472877 271702462112
2 347404877993 134351997044
1 15994149215446467824
2 183243217478 32135104773
2 35874617284 27275096081
1 3344659115591801682
2 57915680329 8614653318
2 2391283553 2076232027
1 2067056372855157087
2 31173476247 17163654503
2 18074683960 59450203661
2 5709507493 14488783176
1 10773931499352170861
1 4653184672124086278
2 79891652128 46051807573
1 12698408506148980421
2 116311630315 63744450613
1 15606014803876515816
2 9895247743 11632392366
2 5415166348 18761769341
1 480820149012231288
2 38890685273 22716983600
2 77027049515 110950451957
1 8736339652335971825
2 8722896333 3585588158
1 8122135497448593481
1 12290045669121307639
1 7070921920523163117
2 149989028251 265655231398
1 17783509967027083621
2 6116724639 8806076905
2 13262620113 20476767560
2 114167765846 49843809947
1 13231844039530969038
1 9366912285505828035
1 9529323786962066745
2 12386443343 15116294731
2 13079437319 6240590581
2 16843262512 6538428561
2 17918288598 23602988251
2 96840891761 40517555944
1 11664113413878703217
2 13489676669 11159274206
2 7890614907 25944425321
2 18364624256 11513271837
2 6118481432 14046445641
1 8522434351647619598
1 13278120770143494774
2 376450166564 145824065177
1 7751698561637499503
2 17942622953 21878179055
1 10686325331918591498
1 6464623227162347334
1 11502494319976361627
1 718106935532147671
2 228238680211 95883315412
2 22744829503 105331155951
1 340133236027405125
2 119813146697 189058374845
1 13054096974881754226
2 101450864312 229447596157
1 17788698030594519313
1 13153886440857999007
2 55326376267 42260857092
2 63657644607 82501780787
1 15966945701118196869
1 870699212154094506
1 4824872611318719214
2 3497614345 16260472692
1 10260169806492867437
1 16201618035022692344
2 30391162015 42242305436
2 48204561402 13654810423
2 11960907374 29451638679
1 6467146830596157790
2 24495472255 58296950511
