100
2 68 225
1 16803
2 410 283
2 425 504
2 488 595
1 35622
1 48765
2 188 247
2 637 373
2 608 251
2 223 48
1 27440
2 278 443
1 64417
2 389 58
2 369 271
1 13184
1 6923
2 109 288
2 719 509
2 37 59
1 38029
2 361 110
1 47402
2 234 203
1 16907
2 243 103
1 42273
2 381 220
1 42626
1 14303
1 42794
2 721 446
1 21512
1 43681
1 29779
2 502 349
1 30331
2 261 404
1 1883
2 168 271
2 313 91
1 21642
2 487 105
2 167 452
1 42830
1 3655
2 91 8
2 474 137
1 754
2 200 147
2 326 51
1 56918
2 1099 792
1 32825
2 210 331
2 234 331
1 4833
1 28737
2 937 524
1 10804
2 69 38
2 841 494
2 349 901
2 89 470
1 26732
2 162 455
1 21566
2 99 221
2 941 254
1 60611
1 6752
1 12058
1 59183
2 298 77
1 33611
1 29076
2 521 747
2 399 635
1 28180
1 12978
2 695 566
1 19982
1 35395
2 37 52
1 55156
1 56077
2 258 181
2 143 21
2 408 535
1 38009
1 14243
1 25670
2 146 523
2 497 106
2 471 205
2 55 189
2 343 239
1 56203
1 32897
