30
1
1
2
2 1
3
1 2 3
5
1 2 3 4 5
5
5 2 3 4 1
721
-991 -987 -979 994 -975 -971 -957 -955 -939 -937 -935 -933 -927 -923 -923 -917 -909 -905 994 -901 -891 -889 988 988 -871 -871 984 976 -847 -843 -841 -835 -813 -807 -807 958 -805 -803 -795 942 -771 916 910 910 -771 -767 -755 906 -745 904 894 888 -739 -735 -733 888 888 -715 886 882 -715 872 -707 -707 -701 870 868 -693 -679 -679 858 -679 -677 -667 -663 -657 -653 -651 834 -643 -637 834 -635 -629 826 -625 -621 826 812 -607 -605 -605 -605 -605 -603 -599 810 810 -597 -587 -585 -583 -583 -583 810 -581 806 -571 -557 806 -555 -555 798 -547 -541 -539 796 -537 -535 -529 -525 792 780 780 770 -519 -511 -509 746 -503 -501 -499 -497 -495 -493 -487 -483 -459 -453 -451 728 -451 728 726 -449 -437 -427 726 -425 -421 722 -417 -415 -403 716 -401 -393 -393 -391 706 -379 -373 704 704 -373 -371 -371 -371 702 698 -365 -363 -363 686 -361 -359 682 -357 676 -355 676 -353 662 660 -351 -341 -335 -331 -329 -325 -323 -319 654 652 -315 642 -315 -313 636 628 -311 628 -305 -299 -287 -287 -273 -257 -253 -253 -249 -247 624 -247 622 -241 -241 620 -239 618 -231 -223 -203 -201 610 -187 -185 604 -185 598 596 -183 -179 592 -169 572 552 -169 -167 -163 -161 -161 542 -155 536 -145 532 -143 518 -135 -133 -127 -125 508 -121 498 -115 -109 -105 -99 496 -91 486 -89 480 -87 -77 -77 480 476 476 468 -65 -63 462 460 -39 454 -37 454 -37 -29 -23 -21 -17 450 -13 -13 448 -11 -7 -7 436 432 1 430 422 1 7 418 7 15 410 408 400 27 33 33 35 37 43 49 49 57 398 364 67 69 77 91 99 336 111 330 115 320 119 121 131 133 143 145 147 165 314 175 179 181 189 296 286 286 207 276 209 231 231 237 239 257 273 276 275 285 276 272 295 299 309 313 315 260 248 317 327 248 343 248 244 353 357 224 222 220 212 210 363 210 367 371 373 377 385 385 200 387 397 403 411 196 427 194 190 429 435 188 441 182 451 170 168 451 453 455 168 156 150 140 463 463 465 124 469 481 485 495 499 499 116 501 503 112 511 112 106 517 517 523 74 525 545 66 56 52 46 42 42 36 545 30 551 555 559 569 603 26 605 619 20 14 4 623 625 633 4 637 0 637 641 0 0 649 0 651 -10 653 -20 659 665 677 677 681 683 685 691 693 697 707 707 -22 709 717 -22 727 -24 -26 -30 -42 737 739 751 -44 757 -54 -56 759 767 767 773 -56 773 775 781 781 -58 791 -66 793 795 803 809 809 819 -70 -70 -82 -84 -88 -104 819 -112 819 821 823 825 831 845 -112 -112 847 861 -114 -116 861 -116 -126 -130 863 867 869 871 879 881 -130 -140 -144 -144 -152 -154 891 -154 909 913 -156 -160 917 -164 927 -164 927 -168 -176 -178 931 -178 -178 -180 947 949 951 959 965 969 973 975 979 -196 981 983 -198 987 989 -202 -204 989 997 -208 -210 -210 -210 -216 -220 -230 -238 -246 -252 -256 -260 -264 -264 -290 -294 -308 -308 -308 -308 -310 -312 -322 -322 -330 -336 -350 -352 -354 -360 -360 -362 -364 -364 -370 -372 -378 -384 -386 -402 -404 -420 -422 -424 -444 -448 -452 -462 -478 -488 -492 -504 -512 -524 -526 -532 -532 -540 -546 -550 -556 -560 -568 -584 -594 -594 -598 -604 -606 -608 -616 -624 -632 -638 -638 -638 -642 -646 -658 -660 -666 -682 -690 -696 -698 -698 -712 -714 -726 -728 -728 -738 -756 -756 -764 -764 -770 -792 -798 -800 -806 -806 -806 -806 -808 -818 -820 -830 -836 -844 -844 -848 -880 -882 -882 -892 -906 -910 -910 -918 -928 -944 -952 -964 -964 -966 -968 -968 -978 -980 -980 -988 -994 -996 -996
104
-989 -875 898 -821 -797 870 814 812 804 -791 -773 -605 762 -535 -505 -481 -465 -351 -217 -133 -115 754 618 -103 -77 -75 25 612 574 31 51 77 520 77 113 173 450 374 302 286 275 274 248 325 230 345 351 222 363 385 467 180 118 68 473 485 501 511 575 671 -22 731 -26 -98 733 807 865 -104 889 967 -144 987 995 -298 -390 -406 -422 -434 -450 -464 -472 -494 -508 -518 -550 -558 -596 -620 -630 -660 -662 -688 -724 -728 -736 -770 -774 -782 -786 -840 -852 -856 -926 -928
885
-999 -995 998 -983 996 -977 -975 -973 -971 990 988 -965 988 -949 984 -949 -949 -945 -941 -913 -907 -907 984 980 -903 980 -899 -889 980 -889 -885 -873 -871 968 -861 -861 -859 962 -859 -857 -857 -853 -851 -839 960 -837 -833 -825 952 -825 -823 946 -823 -823 942 -803 -803 940 -793 -789 -781 938 920 -777 -777 918 914 910 -759 -757 910 908 -755 -753 -751 -749 -739 -727 -723 -715 -715 906 904 900 -709 896 890 -707 -703 -697 -695 -693 884 -691 -691 -685 -679 884 884 -679 884 -663 882 872 860 -661 -655 -651 -651 -649 858 -645 -641 -633 -627 -623 -619 -611 -607 -597 -583 850 -573 -571 836 -567 -567 832 828 828 -561 816 -561 -561 814 812 800 -557 -555 -543 798 -539 -539 -535 -535 -533 -533 798 -517 -517 -517 -517 -511 788 -497 -495 786 784 -491 770 -473 770 -471 -467 -459 744 742 740 -451 -449 -429 -425 -415 -409 -407 -389 -385 -385 736 734 -383 -381 722 -371 690 684 -363 -357 676 -351 -351 -343 -343 -341 -341 672 -335 658 -335 -335 -329 -329 658 -317 -301 -299 640 638 -297 638 -275 -273 624 624 -273 -273 -271 -263 -253 -253 -247 -247 -245 -237 -237 -231 622 616 -229 -221 606 600 -217 -217 596 -217 -213 596 592 -205 592 586 -203 582 578 -189 574 572 -187 -177 -171 572 -169 -165 572 -163 -157 566 566 -153 -153 -147 -139 552 550 -135 -135 -135 -121 -119 550 -117 -115 -109 -101 -97 -91 -91 -91 -77 -77 550 -71 -65 546 540 -65 -63 -59 538 -55 -55 -51 536 -41 532 528 -35 -33 -31 526 -25 -25 518 -21 -17 -7 1 504 504 502 502 3 500 496 494 5 494 5 490 5 490 486 486 484 7 11 476 11 476 11 15 21 474 31 33 35 35 39 39 43 474 47 49 464 53 462 55 462 55 456 454 59 61 63 77 452 79 444 83 91 444 97 99 101 442 105 107 111 119 440 436 430 121 121 414 129 133 410 147 149 153 153 165 169 175 175 402 390 175 390 187 189 193 195 203 388 384 384 382 215 217 227 380 231 378 378 231 231 235 247 251 253 253 261 263 263 273 372 273 370 279 283 287 289 368 297 299 299 299 305 311 364 311 313 315 360 352 317 317 327 352 359 344 363 336 365 367 373 375 379 385 322 318 385 316 385 312 308 308 385 387 399 308 399 403 300 294 286 280 278 403 405 405 407 262 407 258 407 411 425 435 254 435 437 238 445 449 449 236 455 455 234 232 461 232 469 471 232 471 477 228 495 216 210 497 208 509 194 511 192 182 513 170 166 517 521 158 527 529 531 533 533 154 150 132 120 537 545 547 549 559 561 116 112 110 100 98 563 565 567 573 96 94 583 74 599 605 609 611 72 611 611 617 621 70 70 623 623 70 629 637 651 669 671 671 68 671 673 52 50 28 28 679 689 689 693 26 22 14 693 699 10 6 4 4 705 4 4 717 0 717 0 721 725 733 737 741 0 743 -2 -10 747 -30 -34 -40 -50 749 751 755 757 -58 -62 -72 -78 759 -88 759 761 765 -88 767 771 -90 773 -92 -92 785 791 -94 793 803 813 825 839 839 839 -98 849 -104 859 -108 859 861 871 873 -110 -126 -130 873 875 -136 883 901 -138 -142 901 907 911 913 917 927 -142 927 931 933 933 935 -146 937 -152 937 945 945 -152 947 947 -154 -154 -156 959 965 971 987 987 -160 993 -166 -166 -176 -182 -182 -182 -186 -196 -204 -210 -212 -216 -222 -226 -226 -242 -242 -252 -252 -254 -256 -260 -260 -264 -266 -274 -280 -292 -298 -306 -308 -308 -308 -316 -320 -322 -322 -328 -334 -336 -340 -342 -352 -358 -364 -364 -364 -378 -378 -382 -382 -382 -396 -400 -406 -420 -432 -438 -442 -444 -448 -450 -454 -462 -462 -464 -468 -470 -474 -482 -486 -488 -488 -490 -494 -496 -498 -506 -506 -510 -516 -518 -518 -518 -518 -518 -526 -526 -526 -530 -534 -546 -550 -556 -566 -568 -568 -570 -572 -572 -572 -572 -574 -588 -588 -594 -602 -606 -612 -616 -616 -618 -620 -624 -624 -628 -634 -644 -646 -658 -658 -676 -676 -676 -680 -684 -696 -700 -702 -702 -702 -702 -708 -724 -726 -738 -748 -754 -756 -756 -762 -770 -770 -776 -784 -792 -792 -796 -800 -802 -802 -806 -812 -814 -814 -816 -820 -820 -822 -832 -840 -840 -844 -854 -858 -860 -862 -868 -870 -880 -882 -882 -886 -894 -896 -896 -908 -914 -920 -924 -926 -932 -940 -952 -958 -960 -962 -966 -980 -982 -982 -984 -988 -988 -994 -994 -998 -1000
439
-997 -995 992 990 -973 -961 -947 -945 -933 -907 -903 988 -903 -901 970 -889 -861 -859 -833 -819 964 -775 -763 -759 948 -747 -733 -725 -725 -715 -713 946 -683 -679 938 928 924 -663 -653 920 900 -647 882 880 874 864 854 854 -645 844 844 836 -645 830 -645 -599 -587 818 816 -571 810 -561 -559 -551 -545 -541 -535 -513 806 800 -493 -493 -489 798 -483 794 -475 -455 -453 -447 782 780 -445 770 -439 -429 -421 -415 768 -407 -397 -385 728 -377 -345 -329 -329 716 716 706 -313 -313 704 -305 690 -295 -273 -271 674 -271 672 664 -253 658 652 620 -249 -245 616 -219 -215 -211 -203 -197 616 592 -195 -193 588 -123 -117 558 -99 -99 556 -99 -99 554 550 -91 -87 546 -77 -65 -63 -57 -55 512 -53 -45 -39 -37 506 458 442 -15 -11 442 404 402 -11 -9 -7 394 7 392 9 386 19 21 382 29 378 366 33 49 55 65 75 77 89 364 91 99 101 105 364 121 350 135 145 197 209 336 217 231 261 328 263 273 322 287 299 318 333 333 343 294 359 369 379 286 385 393 395 399 413 421 280 268 266 429 431 441 228 226 443 451 453 457 465 467 210 471 481 491 503 202 200 196 190 511 511 529 531 559 188 561 565 579 184 579 172 581 583 162 609 162 625 649 665 673 679 683 689 693 701 705 725 735 156 735 737 749 156 765 767 154 769 771 781 803 154 805 819 845 152 847 851 853 150 861 861 132 869 875 885 887 891 893 901 116 901 112 931 935 947 100 94 88 951 959 80 973 56 973 983 52 983 993 42 22 0 0 -16 -18 -22 -28 -30 -42 -60 -72 -72 -76 -86 -102 -104 -104 -112 -116 -126 -128 -140 -146 -168 -176 -178 -180 -182 -186 -190 -198 -202 -208 -246 -248 -254 -254 -270 -278 -288 -308 -308 -308 -316 -330 -344 -360 -364 -366 -406 -416 -420 -422 -422 -424 -448 -450 -456 -462 -464 -466 -474 -478 -490 -494 -502 -508 -520 -532 -540 -542 -546 -558 -560 -568 -572 -580 -592 -596 -598 -602 -606 -624 -630 -638 -638 -638 -658 -676 -682 -702 -708 -714 -728 -740 -742 -754 -756 -760 -766 -770 -792 -812 -818 -842 -852 -858 -860 -868 -880 -888 -898 -934 -934 -952 -952 -962 -994
967
-999 -999 994 -997 994 988 -985 -977 988 -973 -973 -967 -963 -961 -957 -953 -951 -949 -939 -933 -933 -927 -905 988 -895 -893 -879 -869 984 -869 -865 -865 -863 -857 -855 982 -851 -851 -849 982 980 -847 -847 980 978 -847 966 -847 -843 -835 962 952 -835 -833 950 944 -829 -827 -827 -819 -817 942 -811 -809 -793 938 -781 -777 -765 -763 -757 924 -751 -749 922 -749 -747 -745 920 910 -743 -743 908 906 902 -737 902 -735 -731 -731 -723 -721 -721 -715 898 -693 -693 -693 896 -693 -693 -671 892 -667 890 884 -665 884 884 -665 -649 -649 -647 -645 868 866 854 846 840 -639 -637 -631 -631 840 -629 -629 -621 -609 832 -609 -609 -599 -599 832 -591 826 826 -583 -581 -579 -577 816 -567 814 -561 -553 810 806 806 804 800 -547 -547 -543 788 -543 782 782 778 -537 -533 -525 770 -525 -523 768 -515 -515 768 768 -513 766 764 -513 756 756 756 754 -509 752 -501 744 730 726 -501 -497 -493 -491 726 -483 -483 -473 724 -473 720 -469 -467 -465 -461 -459 -455 -455 720 -453 -453 -441 -439 -429 718 -429 -425 714 714 -421 700 -411 -403 -403 -399 -377 700 698 -375 -369 -363 698 -355 -353 -349 690 -347 690 686 686 682 -343 -337 672 -333 -319 -319 -315 -315 670 -313 -299 -293 -293 -287 -287 -285 -283 -273 -267 670 -253 658 -249 -247 658 -243 -241 -241 -239 658 -239 -237 -233 -231 -227 650 650 646 -223 -213 -209 -209 -207 -191 644 -189 644 644 -187 -177 -175 -165 -161 636 -155 -155 -153 626 -147 -143 -143 620 -143 604 -133 602 596 584 -133 584 582 -129 -125 -125 -113 -111 -105 -101 -99 -91 -85 -83 -77 572 -77 572 -67 -65 -55 -55 -43 572 -41 -39 -37 568 566 -35 564 -29 -21 558 558 -21 -13 -11 -9 546 546 -7 -7 542 3 9 528 13 21 522 518 514 33 508 506 35 506 49 506 49 49 55 63 65 504 65 65 496 65 67 494 71 494 492 73 77 77 83 83 87 492 490 87 482 89 91 91 99 99 99 478 474 101 105 468 105 119 121 125 133 137 139 141 143 468 464 147 149 151 159 161 171 462 179 181 454 181 452 189 440 189 418 199 203 203 205 416 414 205 412 209 217 410 219 227 406 227 402 402 229 231 235 396 392 388 247 247 380 249 253 378 255 263 378 267 370 364 269 269 271 364 356 273 354 297 297 307 344 309 319 323 323 344 325 342 340 338 332 325 332 339 341 343 345 330 330 351 371 377 385 387 389 389 330 389 393 399 399 403 322 312 312 409 308 411 415 302 427 427 429 429 435 437 441 447 302 447 449 451 455 455 296 455 457 461 461 463 467 471 473 473 296 483 485 495 294 497 288 503 503 507 509 286 286 519 284 521 525 284 533 533 537 547 547 282 551 557 559 561 567 571 579 276 270 581 266 583 585 593 595 597 609 611 615 266 264 623 625 625 635 262 637 639 260 647 238 655 657 234 224 657 665 669 220 675 212 679 689 691 693 204 695 699 709 715 715 723 725 202 202 202 731 733 735 192 190 180 735 737 180 178 741 745 745 751 759 176 176 759 759 174 759 174 168 765 765 777 164 781 781 156 781 785 789 154 793 152 797 138 138 134 130 805 819 122 116 112 819 819 819 110 823 104 100 831 96 94 90 833 843 847 88 86 851 853 84 857 70 861 70 861 875 885 891 913 913 921 923 931 66 933 935 939 947 949 949 959 64 62 961 56 971 44 44 973 973 42 973 981 989 989 999 34 22 22 20 16 10 2 2 0 0 0 0 0 0 -4 -14 -14 -16 -26 -32 -42 -44 -46 -46 -50 -60 -76 -88 -94 -98 -98 -120 -126 -130 -132 -132 -132 -154 -166 -166 -168 -176 -182 -182 -182 -182 -182 -182 -184 -184 -184 -196 -200 -220 -224 -224 -238 -242 -242 -244 -246 -252 -256 -268 -272 -280 -284 -286 -290 -290 -294 -302 -302 -308 -310 -314 -320 -326 -328 -330 -336 -340 -344 -346 -352 -360 -364 -364 -368 -376 -378 -392 -392 -394 -396 -404 -410 -410 -410 -412 -412 -412 -416 -416 -418 -438 -438 -448 -450 -454 -456 -462 -462 -466 -466 -470 -476 -476 -476 -482 -482 -488 -498 -498 -502 -506 -506 -508 -508 -514 -514 -518 -528 -534 -540 -542 -546 -554 -554 -566 -568 -572 -572 -574 -574 -584 -588 -588 -594 -594 -598 -598 -602 -602 -616 -620 -620 -624 -636 -638 -642 -644 -648 -650 -652 -660 -664 -666 -670 -674 -674 -678 -684 -688 -688 -692 -692 -696 -700 -704 -704 -704 -708 -710 -710 -712 -712 -716 -726 -726 -728 -728 -728 -732 -740 -740 -748 -750 -754 -768 -770 -772 -776 -776 -778 -780 -790 -790 -812 -814 -818 -822 -834 -836 -838 -838 -842 -844 -844 -848 -852 -854 -856 -858 -858 -866 -878 -882 -882 -884 -890 -892 -898 -898 -910 -910 -914 -922 -924 -928 -936 -946 -946 -950 -962 -964 -966 -968 -974 -974 -990 -994
187
-997 -977 966 946 938 936 -949 914 -905 -903 -889 -875 -867 912 -833 910 -823 -809 -773 -743 -685 -627 -617 -613 -601 -595 -577 -573 860 832 -507 -501 -495 -439 -389 824 -361 -343 822 -331 -329 -325 -317 820 794 -295 -279 -197 -181 -159 -133 720 -117 -115 -113 -103 694 -91 682 670 -77 662 -39 11 27 650 29 33 35 650 43 646 644 51 65 644 101 123 588 129 568 562 137 167 179 546 227 269 271 331 357 407 439 483 544 533 535 536 510 490 468 462 579 581 436 432 420 250 587 230 597 599 615 671 683 699 224 713 210 196 194 739 763 775 805 827 827 833 190 835 847 887 174 168 168 126 903 100 84 933 979 84 28 4 0 -26 -56 -68 -70 -126 -126 -146 -154 -172 -196 -218 -242 -266 -308 -308 -340 -362 -380 -382 -414 -470 -498 -562 -626 -630 -636 -708 -714 -752 -754 -770 -788 -816 -834 -836 -848 -854 -862 -910 -920 -946 -970
606
1000 -999 -995 -981 -973 994 990 980 962 -959 -957 -955 962 -935 -921 -909 960 958 -907 -907 -905 -891 956 -891 956 946 -883 -871 -871 -867 -863 938 -861 -859 -857 -825 -823 936 934 930 -811 924 -807 -789 900 -771 -765 -729 884 -725 882 -715 -711 -709 -705 876 868 -679 -677 -675 -671 858 858 -671 858 854 -663 -635 -631 854 -625 -609 -595 -593 -589 -585 826 -581 -579 -573 -561 -561 -553 826 -551 -541 822 -541 -539 818 -537 -529 814 -527 -523 802 -523 798 -517 778 -499 -483 -475 778 -471 758 -469 -469 754 748 -465 -455 730 -439 726 -431 726 708 -429 -419 -419 698 692 -417 -407 -405 684 -405 -403 -383 -379 682 682 -377 -371 -365 676 -351 -347 662 -333 -327 -327 660 -321 660 -315 654 -313 -313 -301 -291 -289 652 646 -287 644 642 -285 -281 616 -281 -273 608 -269 604 -267 602 -261 594 -259 -247 -245 -239 -237 -235 574 -233 572 -231 -231 -225 552 546 -217 540 -217 -203 -203 538 -195 -189 -183 -183 -165 520 -161 518 -161 518 -161 -157 518 -153 -131 -123 -121 -117 -111 -103 -103 -103 -95 -91 496 -91 486 476 -87 -79 -59 472 464 -59 460 -43 -41 -27 -21 -19 450 -17 -13 -5 436 13 420 21 41 45 51 53 59 400 59 388 71 73 77 87 91 95 111 378 119 366 119 127 358 137 141 141 141 143 147 352 350 147 153 350 330 155 161 330 312 298 189 193 195 294 203 221 231 288 231 272 237 260 237 243 260 245 257 261 261 265 258 267 254 273 273 277 291 297 244 321 323 327 238 333 357 230 361 365 365 381 381 222 383 387 389 397 212 407 210 210 411 413 447 449 204 455 461 463 198 465 471 196 475 194 192 475 487 497 503 509 511 513 192 521 188 533 539 539 176 168 162 547 547 553 581 581 156 583 585 154 595 599 605 613 615 617 621 623 641 154 643 645 148 647 647 142 649 655 140 671 675 679 130 689 691 693 124 122 693 703 713 715 723 122 112 110 98 731 731 735 96 737 759 759 94 80 74 765 777 56 777 54 783 44 44 791 36 791 797 813 823 825 843 857 34 865 28 875 875 897 899 28 917 921 28 933 935 937 947 957 975 977 983 991 22 16 10 8 2 0 0 -10 -14 -20 -30 -36 -88 -92 -110 -110 -112 -114 -116 -126 -136 -138 -154 -156 -158 -162 -198 -198 -210 -210 -238 -242 -242 -246 -248 -252 -256 -258 -264 -266 -272 -280 -286 -286 -298 -308 -308 -318 -338 -364 -374 -376 -378 -382 -396 -400 -404 -416 -438 -444 -448 -448 -458 -458 -476 -484 -486 -486 -490 -490 -490 -496 -496 -504 -508 -520 -528 -534 -534 -538 -542 -544 -546 -550 -560 -562 -566 -568 -572 -582 -594 -598 -604 -608 -608 -614 -618 -644 -644 -646 -646 -650 -658 -658 -660 -664 -670 -670 -672 -678 -678 -682 -690 -704 -708 -716 -728 -728 -728 -730 -742 -742 -762 -762 -770 -774 -774 -780 -790 -790 -790 -806 -814 -818 -826 -830 -842 -870 -884 -890 -892 -896 -900 -910 -912 -920 -922 -924 -930 -930 -932 -940 -946 -952 -960 -994
732
-991 990 -987 -987 984 -983 -983 982 -979 -977 980 -973 -973 -963 -957 946 944 -957 -953 936 -951 -949 -949 -947 -945 -941 -931 -929 -925 926 924 -925 922 -923 -917 914 910 898 -917 896 -917 -903 -891 896 -889 884 -875 -875 -871 882 880 -871 -871 -869 878 -867 -867 -861 872 -861 -861 -857 -847 -845 870 -845 -839 -835 -831 -829 -827 -827 858 -827 -825 858 -825 832 826 820 -821 -821 -817 -811 -805 816 812 -803 -801 810 796 792 790 -801 -793 -791 -785 -783 786 -781 782 -777 -777 782 770 -769 770 -763 766 762 754 -757 -757 -745 -745 752 748 -741 -739 -737 -731 -717 -715 732 -715 -715 -715 -715 -715 -703 728 728 726 -703 -693 -693 -689 -667 -665 -665 724 -665 716 -663 -651 700 -647 -645 694 -645 -643 -637 690 -637 -631 -627 688 -623 688 -623 -611 686 682 -609 678 676 -609 -601 672 668 668 -591 -581 -581 -581 -575 -569 -561 640 -559 632 -551 630 -531 626 -523 -511 -509 624 -507 -507 616 -501 -491 610 -473 -471 -459 -451 610 -451 602 598 -449 594 592 586 -437 -437 578 -419 -419 -415 -413 -413 576 -407 574 572 572 572 -399 -387 572 -385 -385 -385 -385 -381 572 562 -371 560 552 -371 -363 548 -353 -349 -341 546 -319 526 518 -299 -297 -283 512 510 504 -277 500 -267 -259 498 494 492 -253 -245 486 -231 -231 -229 484 -227 476 -225 462 -221 462 454 -219 -219 -201 -195 -189 444 -189 -189 -187 442 -185 442 -173 -169 -165 -165 -165 -159 442 440 438 -155 424 -147 -139 -133 420 418 408 408 406 -133 -133 -133 -101 402 -99 394 -99 -81 -61 392 -59 -53 392 -27 -19 390 -13 -11 -11 388 374 -7 9 17 25 370 29 364 33 35 364 47 364 49 364 354 63 350 65 73 346 75 77 77 91 91 105 117 119 336 119 334 119 332 131 133 314 147 310 149 151 153 155 310 155 308 308 304 302 296 163 292 165 177 203 290 203 205 286 205 209 286 280 280 215 278 221 241 245 276 251 262 260 257 263 224 273 279 281 299 301 216 303 307 204 190 182 168 313 166 315 315 156 319 154 319 327 327 329 329 329 329 355 357 359 359 150 361 363 140 365 136 371 371 377 132 385 385 112 112 407 407 407 104 104 415 100 419 98 423 423 90 423 84 425 429 435 80 441 441 451 451 70 70 70 62 453 58 455 455 455 457 457 50 469 479 481 485 489 48 495 42 40 495 501 515 28 28 525 547 549 28 551 559 561 567 579 583 613 639 653 659 665 679 679 26 687 689 22 20 18 689 693 14 693 697 707 709 0 0 733 737 0 0 0 751 751 767 0 783 787 793 797 -16 797 -18 805 809 -20 819 -22 -38 -38 825 833 841 845 861 -44 -52 861 861 869 -52 -62 -64 875 -68 875 887 895 903 903 -70 903 903 911 923 -72 931 935 -74 935 945 945 -74 957 -80 959 -86 971 971 993 -100 -126 -128 -132 -136 -136 -140 -140 -146 -152 -164 -170 -172 -182 -204 -206 -210 -210 -234 -238 -262 -274 -286 -292 -296 -298 -300 -308 -322 -338 -340 -352 -356 -358 -358 -364 -364 -378 -386 -390 -390 -392 -396 -396 -416 -420 -428 -438 -448 -454 -462 -462 -462 -476 -484 -484 -486 -490 -500 -502 -504 -518 -520 -532 -546 -550 -580 -580 -582 -582 -588 -588 -592 -602 -604 -604 -606 -616 -616 -616 -620 -620 -654 -662 -668 -680 -682 -700 -706 -716 -720 -724 -724 -726 -734 -762 -764 -770 -770 -770 -772 -774 -778 -782 -784 -804 -810 -814 -816 -822 -824 -824 -824 -830 -830 -832 -842 -850 -876 -880 -882 -884 -892 -892 -898 -900 -902 -914 -916 -922 -924 -926 -928 -944 -946 -948 -960 -962 -966 -968 -968 -974 -976 -986 -988 -1000
405
-997 -995 994 986 978 -983 -981 960 -977 -969 958 -953 952 944 944 -951 912 -945 910 888 -929 -929 -923 -923 -919 -919 -919 880 -903 -891 878 868 -891 -885 868 858 -873 -847 854 -847 -839 -833 -817 -813 -809 -803 -803 844 -799 844 -791 830 -791 -785 -779 828 -763 -763 826 816 -761 814 -743 798 -717 798 -717 -697 -683 -671 798 -671 794 792 -671 -659 -641 790 784 -623 782 -615 -593 -567 -567 -559 764 762 762 758 758 754 752 748 -539 -525 -493 748 -493 -469 -461 -457 -455 -451 -409 -407 -385 -385 -379 -359 -335 -319 -315 748 -287 728 -281 -277 -273 726 -273 -267 -253 -253 714 698 694 -247 -215 -209 -189 -179 676 674 674 -163 -161 -147 -147 -145 -111 -105 -105 658 -91 -91 -89 -77 -35 -35 1 1 13 650 17 634 17 25 31 634 61 630 71 81 85 618 89 616 91 606 111 115 598 115 121 127 582 131 572 532 506 143 145 506 480 165 203 476 231 243 261 273 476 476 277 462 281 281 287 287 291 303 305 307 319 448 321 446 345 351 432 385 407 427 426 422 414 429 398 453 469 398 473 491 495 519 529 555 577 583 585 599 603 609 623 627 631 390 649 659 388 386 687 378 378 687 687 687 364 693 707 354 711 350 715 344 731 334 306 300 286 733 282 737 743 747 753 280 757 777 280 781 270 785 248 791 244 224 803 218 805 819 206 829 833 833 845 851 200 200 855 875 879 198 188 158 885 913 917 957 981 146 987 136 989 134 128 90 88 84 80 58 52 42 36 26 26 6 4 0 0 0 0 0 0 -20 -26 -42 -44 -48 -56 -84 -104 -130 -138 -142 -152 -194 -212 -220 -222 -224 -228 -232 -234 -234 -252 -260 -306 -308 -308 -330 -358 -360 -388 -406 -412 -418 -424 -430 -432 -456 -476 -500 -504 -528 -546 -558 -560 -574 -574 -580 -592 -594 -608 -616 -622 -624 -666 -670 -672 -686 -716 -728 -750 -756 -762 -796 -800 -824 -826 -832 -840 -844 -846 -856 -882 -896 -898 -910 -932 -958 -962 -974 -978
601
-995 -987 -985 982 -981 -975 976 -975 -967 972 -955 -953 966 -951 958 -951 -949 958 -929 -927 946 -923 -917 -917 940 -917 -913 938 938 -909 930 -903 924 -899 -897 -887 920 -881 918 898 -871 -861 -861 -857 -857 894 -853 894 888 880 -847 -841 874 -839 866 866 -829 860 -829 858 858 -829 -825 -819 -793 854 -793 840 -791 -789 832 -781 -777 -761 -757 808 -757 -723 806 -721 -715 -703 -701 806 -697 -695 -693 -693 788 -685 -679 -667 -661 -651 784 -641 780 -639 -631 778 -609 772 -595 766 -595 -593 754 -591 740 738 734 -589 734 -577 -569 -567 728 -553 -553 708 -547 704 704 704 -545 698 -533 -527 -513 686 -497 -473 -465 -465 -455 -455 -445 -429 -429 -429 -427 -395 686 -385 682 -385 672 672 -385 668 -385 666 660 -381 -379 -357 -349 -343 658 -341 -335 -333 -327 -325 -311 -301 656 620 620 -285 -273 -271 -267 -263 -259 -257 -253 618 -243 602 602 -229 -229 -227 -205 -203 -195 -167 -165 -161 598 594 594 -159 -145 592 588 586 -143 -129 -109 -99 -81 576 -79 -77 -77 572 572 554 -59 -41 -39 -21 -15 -7 546 -3 1 27 31 31 35 35 35 542 37 41 43 542 532 45 63 65 532 69 85 91 117 135 518 514 139 161 512 193 506 506 504 199 494 217 229 231 488 231 245 251 259 484 261 474 444 261 440 263 271 273 275 279 283 293 422 297 299 315 321 327 341 341 343 353 357 361 373 385 412 412 391 403 407 406 423 423 390 378 425 378 374 427 439 451 463 469 469 491 364 493 507 513 537 539 362 539 543 362 557 565 360 358 591 595 597 607 613 619 637 663 356 679 679 350 350 691 328 693 701 709 717 322 719 723 310 735 292 745 288 745 288 745 767 767 286 777 282 781 791 793 811 280 811 274 266 811 821 821 262 825 258 825 254 246 246 835 232 232 845 226 224 847 847 222 859 861 863 869 216 875 875 206 905 204 911 935 192 947 955 959 973 981 989 993 186 999 182 180 158 156 146 140 126 122 104 96 88 76 62 54 52 52 46 42 40 34 28 20 14 4 2 0 0 0 -2 -6 -14 -22 -22 -22 -24 -28 -32 -40 -42 -52 -58 -58 -78 -80 -84 -90 -112 -116 -126 -126 -132 -136 -142 -144 -156 -174 -176 -182 -196 -208 -210 -210 -232 -242 -242 -256 -260 -260 -262 -272 -276 -280 -288 -294 -294 -296 -308 -312 -312 -316 -318 -328 -332 -334 -338 -344 -358 -364 -374 -392 -396 -396 -410 -412 -416 -418 -420 -422 -426 -430 -434 -438 -476 -476 -478 -482 -492 -496 -498 -498 -516 -518 -520 -520 -524 -528 -532 -532 -536 -546 -546 -546 -548 -550 -556 -558 -560 -572 -574 -582 -590 -598 -606 -610 -626 -628 -644 -654 -664 -672 -672 -680 -682 -692 -704 -714 -716 -722 -726 -728 -728 -742 -742 -742 -750 -754 -756 -770 -770 -780 -798 -798 -804 -808 -810 -810 -820 -832 -832 -836 -854 -854 -858 -874 -876 -892 -896 -896 -902 -922 -922 -924 -924 -924 -934 -938 -944 -952 -960 -966 -966 -966 -970 -972 -976 -984 -992
1000
533 -779 220 -39 -439 -65 99 -129 -560 -443 689 -264 22 73 101 -675 527 767 503 630 -214 249 -493 149 -516 849 -532 -726 238 -546 561 -498 -14 -405 163 -382 -261 -27 953 537 -651 696 205 182 234 -335 -325 -311 -66 -545 63 715 407 89 546 7 -868 967 -73 -284 95 -981 -182 927 897 945 -759 142 -685 76 263 -910 -94 854 -798 -156 783 -390 429 465 -551 280 794 -472 -15 -363 863 -619 -925 -979 471 221 -135 283 -928 601 -33 -163 335 0 33 211 -931 754 -295 553 446 98 869 -583 -851 -671 -225 77 0 0 -13 808 601 -462 868 -393 -965 -407 -142 490 567 235 663 610 -924 735 -361 -521 -959 966 -523 441 200 -509 197 404 -217 -884 -115 651 -381 -976 357 459 462 849 -47 772 -613 691 -174 -390 -19 287 447 457 839 0 434 -707 51 520 -933 -10 558 702 -493 904 -231 636 25 -121 598 -237 -479 -281 759 -154 -585 -263 -975 -419 -605 260 381 637 129 651 -143 161 -810 -861 680 -536 -39 281 -615 -181 314 677 193 -647 315 -581 280 631 639 993 -98 -453 -521 -18 -177 -451 837 -791 -55 209 -793 -352 176 -407 -49 -897 -147 -253 -836 -589 -143 896 595 -157 819 969 101 772 -760 -729 817 97 390 722 -312 -959 971 786 63 -793 503 -66 -721 -435 -111 -989 189 -735 0 -299 -389 -58 -213 203 -931 -54 242 -4 195 -494 693 -963 -174 -795 819 -552 -41 205 935 859 739 -221 578 609 520 -77 375 -589 269 971 739 -929 -559 183 -429 -875 -223 561 -102 -47 42 35 -706 -39 299 927 -22 141 842 -619 308 -407 798 994 -630 57 -875 -261 -489 -261 807 173 -572 185 -816 541 -833 -613 -429 -707 515 -863 853 -711 851 3 619 532 -861 964 -349 -380 -224 683 -427 975 7 -344 -824 -865 -815 -896 790 883 -308 65 -459 -339 -959 -559 -350 0 889 403 -57 263 -763 -539 902 374 -945 -315 624 134 309 735 211 977 -616 -413 -629 -611 832 -709 -189 989 25 823 224 -699 -854 572 -90 -205 -858 682 -107 -793 3 7 97 592 -257 526 -484 -579 -142 -407 -887 -673 35 255 -429 -707 -81 290 -135 924 -685 687 661 150 663 81 -46 521 -143 806 -656 -77 845 645 -415 -897 241 -749 128 315 -223 847 -385 -429 -607 -500 -289 40 -361 308 751 531 -637 785 803 29 -539 334 -293 93 -559 91 -461 847 -932 -164 -117 163 -742 581 -163 -130 544 -329 -655 78 52 -180 375 923 204 859 631 399 763 -43 538 627 -280 -728 -407 243 923 375 -356 -35 252 707 -130 875 -429 819 285 -676 327 -627 -516 -823 -5 979 115 -713 -31 -664 102 767 335 -933 693 770 199 -231 115 -112 912 -649 -999 102 -84 961 302 801 -819 -880 541 -546 498 -39 119 -549 -477 427 49 815 -887 -947 735 374 -539 -306 545 110 -729 273 10 -432 12 357 -238 -580 -163 -512 769 961 -489 -806 641 787 97 75 -310 -873 144 793 858 517 476 448 -572 -371 207 360 0 132 -409 652 -89 -907 595 861 957 373 633 962 -256 -806 171 917 949 -429 -161 989 77 -301 -458 -423 877 -493 -691 -345 633 931 749 945 863 303 511 212 -225 -629 189 933 -241 190 -24 -61 -497 -392 154 -5 649 780 -897 393 560 -850 -897 700 -851 597 -277 -761 913 301 -741 694 638 247 -360 679 569 -847 649 234 -965 985 803 -650 -765 -572 616 -349 -881 570 148 917 506 -301 962 -833 -661 637 14 -364 -459 0 446 -911 285 844 48 -535 252 435 182 -139 -8 -597 979 -879 -407 -767 949 875 523 715 816 -282 702 182 -109 -154 -994 -400 741 2 427 761 153 735 420 -425 -547 336 -563 -337 119 -873 598 989 -854 939 396 -585 -715 349 429 583 627 -469 -372 371 336 -538 245 142 195 933 -956 275 -627 -749 473 -284 745 -721 -797 891 706 37 698 -517 -845 -693 142 635 507 -671 -72 -672 318 -22 -922 -238 -938 -444 508 -798 -36 -908 580 770 -230 -696 336 94 656 916 166 -82 536 0 -28 -14 -444 -234 770 304 -626 -462 -756 -744 -658 -808 738 778 934 0 304 -46 -610 748 -330 -814 -632 -888 -280 -572 566 -756 -814 464 676 236 664 704 328 -598 -680 -224 -354 224 -636 -230 98 0 -322 570 836 -572 -434 -364 100 -750 380 -212 -430 -612 -868 264 -88 450 352 438 -224 520 -442 -924 -886 566 -48 410 -84 -810 -770 -418 -808 520 798 -538 -198 516 -588 498 -832 702 460 796 112 -840 796 204 20 -922 388 868 -462 964 128 -546 416 -132 858 694 164 -8 -392 -686 858 -868 -132 -974 -546 -818 518 494 736 842 778 -372 336 -100 -338 -90 -976 224 -776 736 -212 -238 -10 954 236 -770 -872 308 88 -962 -70 984 -542 -498 -914 -910 370 -826 144 98 0 744 -462 -494 858 -594 -288 622 208 630 154 -472 -754 -784 322 160 0 -884 240 -704 44 -962 -726 116 -984 624 -766 -400 294 -418 -998 512 884 0 174 936 228 0 674 810 546 406 -48 -688 592 624 -548 -414 -760 416 -158 -536 -454 244 -584 806 -870 -812 -618 -84 252 -266 938 56 988 676 760 -506 -318 238
1000
-155 -541 -38 320 43 280 -909 -891 0 229 322 571 581 -815 -315 -987 999 18 77 -546 827 -923 -140 -121 -934 424 11 253 -883 -201 -387 -77 253 -594 -158 991 -669 -554 385 559 -652 693 -45 -416 -514 -579 -931 617 126 700 -861 -448 242 -105 95 563 -663 716 -406 323 435 -167 391 687 924 560 437 -261 774 461 -441 -351 301 -470 895 737 671 755 748 857 4 735 308 -239 -750 -537 -768 561 -559 264 -840 279 -31 339 -353 169 165 702 471 -828 117 -115 352 -806 631 91 -121 28 -267 189 -877 -480 -231 915 371 -131 45 241 624 301 -896 -615 -301 -323 -719 327 947 792 160 -914 -523 902 225 -959 -949 253 -297 -517 780 990 -419 171 -968 -121 113 -119 352 831 -735 -820 918 883 936 319 637 -997 -616 -745 -98 637 -521 225 -715 735 693 -415 895 -492 620 973 413 -595 899 -674 -709 311 689 521 -750 413 559 -154 715 -209 -134 -378 726 -605 0 866 -710 -376 573 584 -972 823 118 39 -221 903 329 791 -303 925 -161 593 -859 563 -385 649 229 -781 854 256 256 -385 -361 980 -793 -139 384 -191 -867 -627 -16 -827 385 -37 -165 133 -833 -183 -13 -164 17 958 793 -236 -175 -939 256 -51 983 240 91 -924 -894 587 231 91 273 862 675 -506 894 -253 173 -517 -671 23 -7 -869 869 -427 -767 735 -607 -974 -35 905 -611 -33 -829 -861 -511 577 304 -770 842 -667 -1 217 -800 77 701 833 -7 741 -441 773 -725 -427 -429 -4 795 -642 33 171 -969 -647 700 619 -857 660 386 601 -467 713 -228 971 896 817 657 39 824 912 132 546 889 -290 -64 967 -399 -869 436 -27 328 -910 668 649 -572 81 -108 -379 -147 772 184 275 979 -499 -634 -582 -328 823 104 -103 364 -396 -784 -817 630 -714 776 -663 0 -583 338 -341 -917 -599 594 -121 971 187 -455 -798 -504 518 696 41 -302 -495 350 377 -838 -29 377 177 176 927 -807 807 547 -971 695 -373 -637 149 -637 114 -467 -677 -11 -605 -14 -143 299 247 168 -727 385 791 -341 -406 -325 -468 -907 -848 862 -77 737 -751 599 659 -704 -208 828 -741 1 462 293 -186 -205 877 -237 473 623 283 -967 -775 -805 -932 -982 -555 61 973 951 847 0 -20 714 154 -759 -877 231 53 -706 614 412 -832 -855 33 833 847 -255 -333 3 -604 -392 275 -56 291 -270 808 385 284 189 533 -946 799 -820 -518 418 24 -903 721 436 -637 418 288 263 -545 34 463 -575 -614 -35 -580 335 -329 314 -231 -808 689 -968 485 329 -209 -663 -845 -187 532 217 39 -201 977 -182 593 839 -481 -911 435 -861 322 -111 865 -910 -86 -596 273 803 -429 133 730 -407 677 193 -541 577 -312 453 423 195 -805 -220 683 -886 351 849 -793 -516 -503 813 -596 24 811 -737 399 963 -965 -754 -523 -813 -935 -115 822 963 -289 -855 179 737 -21 576 209 -110 -585 705 -7 35 791 -257 -719 105 657 747 -927 561 355 871 526 968 883 916 -389 -350 -821 -927 854 -68 -693 677 264 -182 -910 -819 582 821 945 231 823 -769 -441 -345 -91 0 485 -918 -724 -815 553 -250 -361 952 924 645 -273 735 -746 -381 -897 909 -603 35 427 -307 -149 -664 961 -576 -831 951 985 11 223 658 -507 533 260 -756 -209 -525 216 571 -156 -227 225 -846 715 -77 -926 -99 -967 -5 241 147 398 -199 -507 -864 767 -259 798 -73 566 888 297 -849 889 -975 605 -739 -429 13 -799 -938 873 -767 -139 637 560 693 -616 655 -364 -725 78 525 421 -891 -746 635 342 361 413 921 -791 920 -586 -101 702 781 -541 980 -951 -880 47 -480 869 109 923 -504 273 687 -23 557 -279 548 -700 561 336 98 123 -992 -903 -574 -154 248 407 -837 225 868 525 593 -267 -733 947 -141 -127 -910 155 -577 823 -165 -429 113 359 745 465 265 401 533 -479 282 382 749 -819 -26 -588 785 -869 -76 -572 355 -91 -32 532 900 -483 67 -506 793 -763 137 -155 387 -725 -511 977 -742 718 986 234 743 -672 802 -440 -534 104 168 -702 -28 -336 738 760 -156 966 -204 648 924 -124 -870 14 352 910 -550 364 -528 398 -720 792 0 530 -964 644 66 266 -956 176 590 -770 448 700 -844 -168 110 -642 -192 352 924 710 814 -332 748 884 -78 764 -616 374 898 490 968 -358 570 416 -164 234 -60 -754 -858 132 -686 -468 -196 -818 -972 -556 -896 554 458 -944 378 -116 136 70 -986 -154 -418 988 -184 -428 -742 -180 -530 158 -448 896 -430 -684 -744 -132 -624 68 -4 -884 920 -692 140 -798 -676 -674 -802 -154 420 274 -254 282 860 -380 -18 48 -916 -922 766 844 824 340 494 688 -940 -528 360 -806 -524 182 -836 390 658 -628 224 -996 -1000 238 378 938 -462 106 650 -770 -536 218 -980 870 466 -162 936 222 112 484 -698 388 -740 470 164 672 726 -636 176 922 -572 992 -984 -860 966 -326 198 -728 916 -154 546 -896 994 518 130 766 -392 -26 -182 368 -24 -118 -316 72 880 996 56 -238 186 -288 -392 -66 666 88 966 -938 294 924 728 -784 744 -122 -68 -710 -908 28 -308 988 84 -20 -94 -770
1000
-644 -728 -403 -724 -549 -133 700 -913 377 -165 -21 -875 -30 935 -814 -646 145 -221 -217 663 -481 435 939 663 -837 -528 -660 113 -847 595 -14 653 -625 -574 -777 -286 355 396 468 242 654 691 -103 91 -770 -12 -11 900 -863 0 693 69 -85 -896 -713 455 195 855 -864 301 567 231 -147 728 -213 -748 -645 -780 609 -660 -871 396 73 783 515 998 503 99 791 243 421 473 177 242 -33 318 1 -994 82 -641 -683 921 52 539 -790 115 -585 -70 -871 -131 -769 32 730 150 103 -319 -613 110 686 217 -375 -684 -553 -305 519 297 -584 -27 700 814 -176 927 -770 612 547 803 -191 -847 -528 -707 -847 769 37 -995 363 -212 -273 365 930 118 599 0 -298 -637 784 -711 237 -57 209 545 -243 611 659 -6 -567 700 337 28 611 440 707 815 -666 -205 431 935 693 518 139 13 661 742 247 -587 891 597 595 -490 -657 525 570 832 -762 -669 -449 -117 903 -424 -627 -815 -903 -819 -140 -604 -637 -857 150 259 -767 -331 -743 400 -148 825 441 -894 -858 -309 773 583 180 325 -403 484 379 -163 -973 14 -517 -483 413 99 -780 -936 331 -725 95 -573 -913 131 -660 -759 -700 -838 -130 995 -710 739 802 847 179 826 467 441 256 539 -35 -705 819 497 -726 352 -238 759 209 195 465 246 803 704 988 -151 -871 -344 363 -260 837 -27 565 -623 441 160 -924 -451 -796 -175 757 -471 -605 123 193 968 -185 -748 -480 -758 -565 -46 -938 139 495 -640 -490 769 -233 73 462 -115 -79 609 978 -851 584 658 -257 941 -79 739 -616 715 -453 -946 760 69 -911 -987 -707 -625 -219 106 -343 -658 -741 459 840 957 628 13 -518 -185 410 -515 160 364 -455 501 -770 -845 451 -584 425 -357 759 869 313 429 -765 351 -199 -680 720 -467 632 711 247 895 670 -521 -761 171 -579 679 -442 389 946 -225 -867 782 -122 161 -106 187 -563 -637 -494 -364 755 35 527 -445 151 -324 -743 917 -923 -131 -389 -791 717 332 -213 -431 -770 207 -445 51 148 -462 -514 356 371 -11 -665 863 399 -442 275 500 -809 819 363 783 -585 -658 -987 800 235 68 -387 -13 79 -773 -435 375 489 511 61 -231 -182 -558 -423 -71 443 -803 -11 -169 385 253 -630 583 -672 -201 923 662 -392 259 -289 80 -989 -361 -803 -37 -539 18 -913 -71 273 -119 -833 -33 861 40 -13 -961 964 122 455 -138 13 476 -858 -99 89 264 -593 -560 -287 -584 -396 -875 505 719 -829 -989 91 883 651 -266 -377 -244 -805 87 999 -98 -772 20 728 966 -848 -470 -748 231 567 -955 13 -109 -673 -1000 474 325 455 -945 21 669 871 801 454 -455 847 -975 704 347 -231 891 649 732 805 121 623 -825 -238 275 -803 -91 -974 -697 -117 -25 457 -525 -146 -931 847 708 434 719 559 -451 693 119 213 415 -79 -143 245 -463 -126 -14 -916 229 -753 -175 -715 -536 -25 -529 -864 -14 91 -286 -699 517 7 -750 -566 -556 994 -752 539 -159 617 -630 -47 -294 -811 451 83 349 -588 -599 -266 553 361 309 367 -637 595 -694 -399 -119 637 -801 -903 852 -440 -147 -255 -914 -636 513 -418 -897 -223 51 -263 581 126 -74 -7 -827 -479 -647 894 924 -908 -31 767 -121 487 277 -357 526 547 827 -93 185 228 737 203 790 -251 -935 -539 70 -605 487 415 88 -196 -166 -539 -662 -605 79 -715 663 89 -898 -452 -66 171 -938 -447 -903 -65 -854 80 -913 -207 -801 390 -163 767 -703 -45 639 645 907 603 -550 -171 744 -706 -203 -969 539 399 407 517 187 21 483 -152 -126 517 545 551 55 923 829 528 -203 157 -407 0 756 793 -117 728 -765 -387 75 -130 -605 -889 54 -383 543 852 711 0 55 -785 780 541 -301 -245 -788 -44 -404 654 -592 -58 896 -714 -634 858 -308 762 -130 594 -576 -136 502 208 544 -694 76 834 -948 890 -88 880 -546 46 528 776 406 242 -566 -528 182 -682 -748 -308 -826 -32 710 60 -482 -388 844 442 -356 -530 216 -222 -868 838 -904 -886 -550 -98 676 466 176 350 168 496 84 366 142 -538 388 -634 -854 722 -144 446 160 604 -586 -70 -394 -58 -338 -242 292 -918 770 588 58 -574 -944 -326 -698 408 -138 -412 -112 660 260 418 42 190 154 -990 -314 574 318 -598 -854 202 964 -470 992 -118 778 788 -122 -554 -212 318 990 -308 -406 -640 -588 956 660 210 -36 -738 836 208 -506 350 806 916 506 328 920 568 -936 -808 530 -338 620 0 794 466 454 190 462 -190 -104 762 290 386 252 -254 -770 570 -82 -850 -158 628 658 280 758 -522 -770 0 630 -792 -238 -14 -612 274 952 32 156 -226 -954 -188 -798 -608 866 258 360 -980 988 -770 94 -666 722 -834 -938 456 526 -286 -230 112 -924 592 164 -170 586 -546 60 0 -262 968 -946 70 -826 -988 -424 -302 -418 -22 308 298 372 -712 578 -574 360 -598 658 -478 -676 702 -758 448 -350 230 -252 260 -860 644 432 -272 192 624 372 994 -546 418 580 -720 -198 -440 -996 -196 -392 -712 -770 -520 564 398 -658 438 966 680 910 476 -754 0 832 -104 -758 94 352 196 -496 -546 350 450 838
27
-913 -805 -939 715 -617 986 39 237 559 154 -918 308 -854 627 99 77 448 42 -363 300 755 -559 343 -563 913 -581 -871
816
-553 790 237 -286 -513 -87 -232 -567 -896 583 -999 251 310 -808 -976 -918 -935 -961 276 21 204 301 342 649 319 -672 -351 -910 -228 -895 -800 -155 247 51 -179 56 -613 175 -19 753 66 -48 45 -323 16 -923 406 -697 -165 -813 730 385 546 -938 -330 363 -420 487 -553 -401 -510 -528 17 -745 -629 955 -411 -847 41 868 -416 209 451 -105 820 351 511 -567 169 763 -708 -55 -905 -400 -741 931 455 507 -402 -943 27 591 994 612 225 803 -764 308 -260 -273 -245 967 858 -385 491 -21 -781 -734 -687 625 -611 297 -521 -446 182 962 149 -250 -605 -208 -525 -701 360 -14 480 433 -289 -821 949 543 -539 507 711 35 494 247 815 922 969 -606 -667 -674 854 -319 716 -425 200 -587 187 -406 364 787 -39 -246 231 -52 249 -294 -56 366 771 -693 121 737 -119 251 515 -333 -750 751 455 375 -245 269 531 539 -579 71 913 39 966 56 -955 691 -734 -147 179 -944 -33 -467 19 800 -539 -937 117 513 -663 -223 704 -107 315 485 -397 -627 233 774 3 723 -143 9 637 402 -231 219 147 -363 -463 147 -85 770 949 811 640 771 -607 -605 913 -544 906 591 -900 33 309 -377 -654 518 587 -130 -602 -403 65 -759 460 -299 754 -141 -330 616 106 -913 953 -391 260 715 95 34 585 -759 679 443 -657 117 -767 -935 -72 -220 758 633 -651 -598 -291 -427 55 -976 590 564 -307 -175 327 481 569 -795 448 -751 -467 793 -207 -686 887 429 -125 451 881 461 -415 543 901 -13 -777 -710 777 -765 0 929 -765 643 858 519 265 238 -994 797 -693 -259 -733 -528 471 84 -256 56 234 -91 -230 -259 553 289 -993 385 -299 916 915 -642 485 -217 -377 343 -406 -833 556 -641 -911 -636 455 825 -913 753 -952 575 471 732 349 -44 797 -699 117 86 -77 497 -626 437 -487 -242 203 -945 825 161 -781 707 133 721 416 953 -792 102 -416 -606 755 377 863 317 337 469 690 251 429 -64 4 943 -25 -506 485 354 583 313 -308 -264 563 91 -217 -916 -975 -915 -704 2 -954 671 593 173 399 -363 -676 -361 931 -315 657 -359 910 7 -994 -585 -246 -81 93 923 -891 877 162 709 -728 136 942 -847 147 69 -169 -725 476 -807 581 11 604 -809 -785 652 -527 -677 -685 258 169 715 -60 -799 421 779 -160 549 857 755 926 -91 -803 -221 -709 -78 268 -310 -682 -481 -289 97 855 -573 -120 689 609 -959 -287 -457 -798 -294 34 474 -831 -187 -673 737 63 -847 -997 653 301 -805 7 997 -829 171 275 885 -143 -603 146 803 910 396 -249 -660 875 637 -106 357 -532 827 59 227 721 -10 161 -155 143 -104 255 935 -708 231 363 -792 -583 784 -791 -923 -326 694 -929 951 -702 -581 -943 75 -255 325 -151 856 -622 671 875 -611 884 675 -377 786 -828 -988 -927 523 -975 -65 243 211 285 631 610 -784 -585 887 -679 215 -671 -564 293 479 -51 -917 889 510 215 321 467 655 928 -387 -824 -572 -765 -167 -231 -135 98 -569 867 -823 -161 827 -539 -245 -951 567 -904 -392 154 992 -164 -876 -832 -96 106 0 330 6 -114 -350 532 -922 -174 310 -20 -128 1000 -988 910 168 -94 334 -596 550 730 -828 624 -942 126 296 -880 416 322 150 -974 338 -4 -844 -490 472 -690 980 -434 -290 366 -574 374 -86 364 -998 -22 842 -998 -802 -448 340 420 -998 770 0 -770 -498 -980 150 -488 532 -176 -532 758 -626 120 -124 -668 308 -946 -630 -584 -546 -64 -80 0 260 -128 -330 580 942 -894 -638 142 268 546 534 -252 856 -752 -136 -996 672 -784 430 588 -224 318 -104 548 -524 -882 -638 610 396 -370 616 -530 -594 782 -1000 12 140 224 -868 268 -726 484 -552 562 994 -924 -972 582 -532 616 -484 374 996 890 -176 -770 -538 -470 190 592 -584 236 -692 534 -770 -160 556 64 478 -166 -204 -716 706 -554 -772 -132 -616 40 826 -284 168 -942 888 -950 -414 374 308 -264 -560 812 124 216 286 -448 -546 -374 640 62 -544 452 832 606 -588 644 224 -820 -672 856 938 172 810 -520 -24 -154 -994 -556 778 -740 290 -580 -406 280 -108 166 -582 980 96 182 688 416 38 702 -366 -298 690
651
-651 805 -579 9 501 -697 275 -861 705 -863 89 495 -886 343 525 -305 609 610 519 -637 -858 704 735 905 -651 -370 281 563 -389 -487 213 -841 -858 132 11 -764 330 551 591 598 819 248 307 -77 -667 769 -924 -671 -86 -341 -746 -938 494 -475 327 -356 -224 560 -693 -616 276 235 199 -787 -497 427 396 -774 -976 -49 -147 309 687 -561 -26 -542 -770 -963 204 -605 928 -523 567 -285 -183 -509 -479 235 -899 677 917 -121 163 -931 -961 -747 -975 -263 -953 -925 452 -359 230 167 -693 770 471 115 816 -477 -776 277 55 -903 -229 -980 287 283 -935 780 798 -504 -663 343 -203 -67 -559 -398 945 -638 -961 -622 607 -417 -638 584 429 -618 -630 528 -833 982 128 617 -946 311 758 230 -141 -761 -404 -583 -971 867 -255 -257 -335 -559 -245 179 -501 922 236 -674 290 651 -987 -364 219 385 330 263 637 427 -990 258 -979 -625 63 -881 31 -401 935 908 -853 570 607 -123 615 -190 -165 -297 517 473 365 439 -133 119 9 -935 993 36 -770 -558 -231 729 -887 154 -560 139 -173 -773 52 31 637 409 -281 768 315 979 -245 609 -702 -539 -941 383 -342 273 -368 -528 -927 -143 -33 27 583 469 935 -847 715 636 728 -743 -872 -243 -354 -504 217 617 210 35 -439 -311 -515 251 -973 843 -203 23 -183 -813 47 817 -451 243 -696 450 637 231 852 -767 660 33 377 -799 -265 -276 -121 -207 825 -749 154 -761 -754 -539 -836 -155 -812 24 477 921 -228 -938 -713 455 -894 -271 -910 227 768 7 -228 169 -982 0 -3 112 -223 858 539 -456 -89 -693 143 -648 -245 -660 1000 455 -945 477 -338 -994 -519 693 64 416 121 -770 -420 -989 -434 -992 406 -418 384 -396 -247 -568 522 -949 878 238 237 -44 351 -817 927 -16 984 -372 -821 -197 -217 266 -125 -110 -371 839 -990 -659 287 -715 0 959 216 -238 -973 91 581 -273 -891 -575 -654 726 686 317 733 -23 -363 443 658 923 410 -949 748 967 -493 -759 109 -485 -525 385 -109 -871 -405 -312 -266 -371 -584 -241 -573 301 -975 -665 -155 325 445 -733 4 651 923 -705 -193 -578 -109 -775 -573 -47 -985 -6 -273 299 -221 991 -493 445 -737 14 -301 857 517 -270 687 0 745 -807 -379 -885 -542 35 -646 349 -270 -255 781 -545 -448 -847 -791 -274 -20 546 993 -966 892 -600 73 -29 135 -688 -168 -110 -80 642 350 -641 -305 731 24 -363 892 803 721 507 -676 70 812 -119 581 -574 -105 368 -209 -299 2 -741 -605 -19 -395 -990 117 -627 462 -365 -697 121 -698 -374 72 726 -975 783 -62 369 390 396 154 19 -344 483 -647 333 630 420 508 902 266 744 560 546 984 286 -172 852 -970 260 -910 546 904 464 922 -28 636 -88 50 -688 -744 -80 -878 814 -566 734 800 662 490 -126 936 910 134 -866 572 -748 -908 434 974 -712 346 -122 286 -396 -546 -62 -418 -190 -176 -832 182 -212 156 78 770 -574 638 560 -866 -372 -532 552 236 940 374 906 88 -142 528 -442 550 -386 924 -46 252 -600 586 -574 770 990 880 -662 272 -304 918 -330 -560 466 -288 -926 920 148 -792 -880 968 -972 -578 168 -474 -404 888 598 -890 772 174 952 -856 928 -594 154 -364 944 -308 44 -176 596 -492 334 810 616 -666 276 882 -112 964 -840 974 252 860 658 438 844 754 924 132
1000
-207 -161 -449 -412 154 677 -309 900 385 921 179 -187 -741 -567 -7 391 603 -650 783 416 736 286 -70 -9 125 -541 233 -769 -693 974 -47 989 -181 153 -214 -785 162 447 -959 714 -577 431 50 -407 -311 491 641 161 -802 965 913 -441 -789 -245 -458 993 869 -94 -411 312 -221 793 -414 265 -979 -441 868 -227 54 -275 -943 -345 -337 978 959 77 147 849 403 -475 875 -276 -972 -619 -860 -455 -193 133 501 -727 -705 -994 -232 549 -788 383 -896 833 -39 -880 -132 737 -795 -607 308 373 -635 970 -801 -711 -685 693 554 -819 13 413 51 -938 -737 751 342 -66 -341 -133 30 -181 943 105 139 583 25 655 -167 -295 -463 495 784 -225 -357 -301 -717 813 158 -97 -215 228 -823 -143 763 -715 755 -490 -884 0 879 -572 399 -706 -139 637 -121 -549 -456 77 -572 -164 -955 269 -837 968 475 -653 556 -936 156 177 -171 477 -231 943 7 332 249 -133 -554 -203 -273 -879 407 -413 486 -247 -840 135 -772 -101 342 -559 -858 -481 -849 -577 -451 558 -481 -834 -342 959 -466 -979 203 0 607 -405 -541 600 378 266 286 -259 -985 -539 -909 -35 142 779 -681 -873 -887 833 -511 -759 -485 -55 41 637 543 -345 -583 958 -837 -269 -222 -933 773 988 -888 -762 7 793 586 927 -81 -597 -148 -77 60 784 -658 -67 -713 -603 743 -297 -207 261 -125 -490 825 66 -125 -631 -125 938 -715 981 -951 -613 -733 -931 153 -650 412 910 107 185 -49 -471 -729 -190 -652 292 413 -433 473 75 -609 -455 -847 509 735 -599 29 500 -145 -881 455 990 811 983 47 367 -103 648 551 597 117 -907 418 702 -711 -33 -39 -987 -102 195 0 923 832 -959 -422 -283 35 291 777 625 -834 -73 -169 897 505 -839 772 518 506 273 819 890 981 653 781 105 907 -324 -923 -161 707 -591 459 -388 -518 968 177 772 221 827 37 264 -286 833 85 403 295 -609 -707 651 -225 357 0 933 -28 695 889 -821 -594 -609 -533 0 143 801 -122 819 182 256 539 574 665 -218 663 341 169 -351 -651 902 623 -948 245 -784 535 -455 622 -182 28 -253 103 583 98 -544 -49 489 -698 -447 -339 -338 583 -470 949 912 -605 885 257 -501 53 73 809 793 -261 561 -863 -762 -13 -453 413 -623 -722 120 187 724 -944 879 -671 123 -642 72 -273 357 -13 -89 231 364 -641 519 671 -539 931 970 526 -909 756 -500 -43 860 383 640 721 -707 -799 -735 -910 -903 -197 -507 -151 662 301 974 934 -83 98 -151 -23 -540 -427 631 -121 -191 -364 113 -868 -793 109 -8 65 -193 841 -610 -426 -466 850 151 -318 261 52 -861 -949 -396 -815 -385 -561 167 861 880 -551 541 -693 203 -306 544 896 -715 63 508 -827 -217 -662 254 -859 -519 -715 787 -159 985 -847 -765 400 623 911 364 891 581 -639 587 417 549 539 -282 -520 357 743 405 -975 181 221 -105 -440 26 -98 -504 993 597 -777 -13 305 536 321 -349 573 -588 616 -652 497 416 -711 186 -832 -858 -749 -705 -257 -241 689 539 -47 323 -413 159 -299 -151 929 -177 710 145 543 -435 -84 -383 -81 220 658 845 -789 200 45 -121 -307 443 701 714 777 -477 -49 -921 505 -781 589 -643 -836 77 191 -273 307 847 311 426 -715 970 855 -516 336 -739 -18 -638 -716 143 5 130 479 -963 -482 -314 364 -399 357 -975 -441 341 -497 -39 -117 -547 903 913 -549 988 231 -903 -982 403 816 19 25 154 702 143 -932 -623 -11 -206 532 45 -707 -123 -756 -921 -332 -462 -1 -1000 196 -436 -954 526 601 -952 -76 -550 378 -616 65 -655 -259 363 -671 203 -75 785 -650 -777 144 961 -341 -619 -769 325 -375 175 485 32 465 -400 -988 -407 273 -83 -924 -268 -47 -178 153 0 128 396 -814 -188 28 -650 952 944 -686 -84 910 -378 728 -970 -490 168 -588 -560 -300 -294 978 138 -968 90 -944 -574 -836 504 -466 -578 -794 -260 412 224 -434 876 -712 406 704 994 644 -244 696 46 -990 -202 -100 -760 -758 812 -126 196 0 -936 -964 -684 -858 -686 630 -764 -958 696 912 -936 658 -154 -286 -336 -390 -652 -434 -836 620 294 0 -132 0 824 666 706 -926 32 42 84 -986 618 -42 -112 -528 -924 -710 -266 546 364 -118 -896 310 -828 846 -156 -904 -420 -426 -448 -338 588 -448 -756 270 -716 -260 -434 -940 858 966 -648 390 -612 -52 -14 -620 260 374 294 -272 468 396 788 -648 234 180 -246 536 -874 728 50 768 28 -622 -360 -518 -286 -118 -344 224 164 166 -132 -544 -858 260 730 -208 -954 896 -88 -212 -502 -440 -560 962 0 98 684 764 -174 -330 -692 328 636 -870 -440 872 -420 44 198 576 204 330 56 880 -978 378 -432 234 904 -540 56 728 -462 -468 652 550 -416 836 838 -228 -496 -968 440 364 -552 -280 78 -350 -252 -364 336 -296 728 -724 848 -104 -536 -854 -776 790 584 -434 524 390 64 52 996 234 306 -350 282 304 -138 1000 882 812 952 -464 -28 -138 -356 -336 506 238 -72 458 -526 -342 730 686 -190 556 -254 808 700 -364 0 -462 124 56 -232 790 -770 -704 -514 84 -938 -966 -540 -210 -614 -922 246
146
-713 -858 -828 -967 494 701 -591 976 345 693 55 -231 -798 -507 495 -331 -431 626 -330 -935 -707 -455 -283 996 633 -215 630 -734 645 -609 325 951 -581 -253 -841 189 867 212 -247 -455 581 913 494 -385 -413 -561 -363 -803 -34 119 -107 -53 -9 -334 -981 -278 595 841 503 338 491 -735 -490 -547 -298 91 154 -247 -431 -326 -665 -385 -547 -576 -697 559 -917 -875 637 -994 572 686 -286 272 -858 -770 -662 506 -510 -662 680 -526 164 -212 -104 -942 -110 -662 854 -504 -654 -852 -282 -828 -240 768 836 -526 572 -244 710 116 -220 -52 -756 392 -132 350 816 -972 420 60 -772 364 572 -748 -844 -346 698 -864 918 156 -930 -930 896 -354 318 866 348 790 -650 364 94 -640 -530 792
836
-857 -431 317 773 550 -722 -429 735 497 -391 -980 335 823 17 671 -943 -877 295 773 528 617 733 296 -813 -406 245 -78 -119 -773 -391 -221 -856 -784 -40 -949 330 21 273 -697 328 -871 545 -515 -237 763 -847 -217 -595 -301 651 165 -699 681 -949 786 -786 -459 -315 798 -55 441 -527 364 -571 451 390 -847 121 -666 -745 669 867 308 -319 -826 611 -179 -833 787 -479 559 674 -968 -710 -356 63 553 829 589 725 902 102 105 -955 365 255 -425 418 246 -836 372 -77 -157 -417 -424 798 517 -5 671 -658 157 497 594 813 91 33 -221 -452 454 -77 571 36 -443 456 91 315 -539 266 -961 763 138 793 159 421 -185 117 -393 -611 499 207 636 -101 915 -847 -987 821 231 -967 418 205 -591 33 -113 732 617 -408 -191 439 -458 821 672 42 -731 -203 469 -166 -754 973 290 929 -341 -659 338 423 700 99 434 -629 847 949 -65 994 96 -649 352 -614 -27 784 -215 -287 637 -605 -27 -325 -141 889 -278 739 505 559 399 147 412 -49 -219 853 -275 749 -886 803 73 -533 -55 15 643 111 -451 -441 -195 610 -592 -968 489 652 815 -55 -789 -837 -959 88 -739 665 935 -689 -711 -317 -797 213 809 -585 -247 549 509 770 859 -781 340 -996 858 437 264 -767 661 -671 -863 688 285 814 763 -247 747 352 505 -377 518 -707 -421 833 997 -773 940 63 -49 -692 657 787 -714 371 131 -164 -773 404 401 587 133 102 128 39 -814 -951 468 988 -546 446 -726 471 -151 -719 603 -459 -221 -319 -189 -567 819 -196 991 526 -231 519 539 637 -880 840 21 902 -311 -671 -112 -914 343 -379 -944 683 731 599 -26 844 694 -171 -893 -603 -847 -231 531 -869 -363 257 -769 -676 -497 168 627 -811 -553 -889 301 -143 830 -453 696 509 -583 418 238 -504 441 -630 -26 -656 442 479 -960 -651 482 727 889 -282 -161 564 -616 -70 -947 975 522 70 742 52 -243 0 839 -311 -671 -455 -847 308 961 891 784 -477 -225 -549 -533 -203 132 233 513 -942 172 -491 -790 -479 468 -80 -969 -676 -939 413 -322 -644 -702 144 -367 -506 693 -55 479 -680 -905 -47 817 581 784 -101 26 374 -334 722 -161 -767 -185 -474 782 516 -792 -638 893 175 -344 -770 -566 226 -333 651 255 863 -715 -3 -273 -849 -512 148 -11 138 -355 59 -351 99 -427 572 -47 -21 39 874 661 466 277 185 -583 -703 -143 -729 727 -825 -503 315 -987 857 976 -742 137 -476 -280 179 -92 -690 25 -970 -59 -11 -587 57 726 0 -385 547 313 751 -287 -602 605 913 590 -739 679 658 407 -599 385 -525 -853 224 787 971 47 781 317 -112 -13 -585 420 -617 454 365 607 -523 -429 -490 -847 891 836 -147 -721 -57 469 -817 347 579 -407 -372 -719 -117 0 -889 -897 -709 -857 473 582 -534 64 650 41 -540 599 -558 -867 -595 718 -496 -671 -186 -970 -936 99 88 -909 -327 -737 -118 -85 715 494 -299 -588 -155 385 -546 -767 -401 975 -221 -364 462 924 -302 246 -364 12 -602 -378 400 584 338 636 48 -508 -980 642 52 112 210 762 -434 202 552 224 -420 -490 618 200 616 -572 -906 -920 -458 200 -700 450 -280 0 294 262 -626 182 -118 798 728 910 638 -860 -546 0 946 14 -212 -726 -234 576 -70 -462 344 358 -332 -670 576 -714 -278 -994 174 14 -826 -736 -66 -118 322 136 980 270 38 -770 -400 -558 688 -210 826 -894 -362 856 -894 -2 -686 28 -746 536 -780 576 -892 -490 210 -350 320 196 970 304 -22 628 892 -154 -564 -704 570 176 568 -870 92 150 -216 -132 548 840 910 448 -660 532 -384 656 704 -190 104 794 776 968 52 782 -572 -576 -816 -572 -12 -428 -278 660 772 420 -114 -728 394 -354 -230 -584 960 422 884 230 504 604 -778 232 -132 -792 -776 88 258 -462 318 -770 -662 -616 154 106 -700 -984 260 -546 -468 -910 348 -184 -770 516 -182 854 -826 -488 28 -964 -432 182 710 -546 266 20 898 70 -828 -112 -68 740 -844 220 118 264 24 -78 728 200 -172 -420 760 78 506 -304 698 -484 -492 462 54 8 598 -868 -798 354 -816 210 -108 358 840 -726 416 438 940 252 -462 176 -640 670 -104 -56 -278 648 -286 326 -378 -308 -366 -726 656 358 -110 156 -66 60 650 956 902
98
-819 439 143 892 -777 937 -987 521 -483 65 705 -470 331 533 351 91 -896 333 79 665 -245 833 403 -963 662 -470 623 537 338 -489 -971 -139 210 815 -221 -477 343 387 -409 375 637 484 -514 -118 26 525 -117 -317 -575 672 -15 -625 -173 457 773 764 858 -847 -588 258 715 -703 305 871 629 647 832 -451 -857 -267 -980 65 593 -188 -210 -224 -986 616 -616 -616 406 448 -924 650 780 220 -438 -494 -552 -546 590 -376 -416 112 902 -584 4 848
850
0 264 -564 561 -273 -499 -658 541 527 899 -231 869 -935 853 749 -91 689 515 196 -319 -784 -606 191 683 713 -283 276 772 836 124 476 394 153 -630 455 -529 77 32 858 -212 -539 -122 317 -576 -442 547 -513 -430 -88 -239 767 752 -624 -693 801 -854 -693 -481 -987 773 -937 853 716 220 374 837 732 -507 -781 418 222 832 91 123 460 515 209 343 850 720 -357 -924 254 79 -267 253 -103 -231 -659 -784 -454 -263 110 186 301 -169 221 -441 -993 986 539 -723 -246 -713 517 714 725 984 -539 -761 -441 752 -233 55 991 -645 253 273 -99 329 429 825 -315 -418 -749 669 -764 -133 66 -319 846 -832 -615 663 748 -259 452 -847 -567 -78 -511 -332 -537 -237 78 -687 37 467 703 -619 -305 922 222 -47 481 -387 -551 175 -429 182 -539 -847 154 -39 -78 529 841 -847 -626 -343 -306 -11 713 381 -39 556 -821 59 -173 -709 979 -399 770 135 -985 833 -398 333 205 -749 -922 -577 221 717 -349 942 -369 595 -53 640 708 265 57 -820 -720 595 -189 -275 -752 -703 963 749 700 895 715 117 414 -713 -572 868 -94 -935 -3 511 793 -243 -55 209 858 -990 802 -693 -575 735 -497 -535 525 -933 -83 -862 651 -275 -731 -651 431 501 -864 381 -530 451 -315 672 -743 -623 803 -847 -448 715 -897 -91 -984 -85 -283 127 616 165 -489 2 -155 538 -730 -231 715 817 -660 566 -84 793 -156 93 -923 111 461 64 45 -694 -33 79 736 -291 499 803 -375 718 -306 -762 438 -351 -337 858 185 448 45 49 869 917 833 105 763 -258 -359 360 105 -183 -742 -475 595 -522 -540 351 777 -759 -413 -458 -575 759 -440 -903 882 574 -933 667 451 545 -42 -791 895 -779 -483 -363 -713 -299 -651 -364 -12 299 214 923 888 -231 -347 -591 829 -498 208 875 -737 566 220 -699 314 -789 -133 170 -275 33 685 -381 864 483 297 -696 896 958 392 967 -429 861 -786 -989 -679 -897 595 -659 3 987 -117 -512 457 -969 371 253 109 -276 -566 -177 86 137 182 273 -630 182 -726 -409 -33 -987 -55 363 414 63 753 309 -825 -611 -655 -635 -270 875 14 -469 -300 203 259 -938 839 399 -777 -815 -365 -961 -962 384 628 195 -727 55 -633 476 -330 -448 689 693 -903 659 143 -387 -860 749 -247 -857 -794 917 -991 -758 944 -923 997 803 793 -203 -528 58 -285 187 -345 233 -757 -500 -526 -649 -189 -29 401 -533 599 55 568 322 166 352 735 -203 -524 949 -273 562 957 -7 -516 235 133 -886 -468 806 -493 -989 267 588 -756 25 56 -437 -558 66 -124 415 607 577 -744 -531 -671 -91 468 -827 -97 -407 403 -972 -497 -188 434 -75 -54 904 385 297 332 184 -518 413 -231 887 -765 -981 572 -550 586 223 312 413 631 315 153 -475 -273 191 903 -475 413 721 -616 861 -464 -77 78 -565 -665 -177 212 439 901 -857 -748 853 -154 440 -529 -845 274 974 -714 -464 21 -20 848 52 -149 -146 -249 -591 347 754 -611 931 -651 466 -317 -396 -796 -482 -825 -49 539 629 -399 827 534 -945 83 -936 -66 -193 -399 -740 -991 61 -613 113 488 -961 0 -657 -756 -923 -286 407 154 -741 -663 455 543 -749 42 880 -584 612 151 414 -936 257 -754 -576 368 282 368 -182 -430 594 -224 942 -400 -356 780 -938 370 -54 512 754 -132 914 238 -500 -140 -520 314 -100 -372 -890 938 -700 -716 -528 338 -590 776 -282 990 796 -700 -980 362 376 812 -366 390 118 770 -760 930 604 198 -888 -392 846 -770 -462 -988 -772 716 -18 432 -808 -78 -14 842 56 938 126 280 828 -180 -734 306 950 52 -118 0 988 930 -548 -122 -710 770 -444 -410 258 0 -766 -880 -600 288 -302 -364 180 -506 -676 794 634 98 100 -454 -108 -740 964 -770 -836 -468 -252 140 -198 260 -354 282 -664 702 -714 -80 -540 -286 880 -570 624 490 698 -46 -616 -882 -286 812 490 882 140 182 -698 104 -882 728 -698 766 984 -682 -962 0 682 -546 590 -574 966 -630 544 214 -176 -394 -842 -602 766 -538 -52 522 516 -340 -134 332 0 350 -368 288 -798 868 -108 812 872 512 134 222 -210 666 -756 -586 262 754 -510 -602 -616 16 0 -182 -650 336 820 -580 -928 440 770 -942 -88 -158 -470 280 580 756 174 -858 74 -476 224 770 -494 -470 -528 392 -294 660 -346 -248 -44 840 418 78 642
534
-427 471 701 -778 595 -154 757 665 827 -779 903 903 -270 -831 21 -234 280 -941 -89 756 865 -469 -811 869 905 594 193 -626 777 -561 970 572 -494 -875 816 -702 -757 903 -924 424 -171 105 -49 679 -819 505 -439 737 721 69 -338 532 179 -864 -876 85 -429 -935 490 879 -255 -803 41 551 658 475 -184 -498 915 -259 -615 -92 736 259 33 -357 -793 559 845 317 592 469 627 821 209 -987 -133 419 -925 634 -336 -175 280 784 44 -211 -168 509 -98 -789 389 -828 -59 -462 189 725 948 -689 619 -415 -207 173 429 791 -420 854 -794 860 -580 -21 -162 481 -407 -202 -167 -66 -603 704 -363 897 -431 197 693 335 -941 479 826 11 595 -657 314 -799 -575 -424 -361 597 -605 303 286 -3 -959 144 9 -575 -984 350 492 561 -377 -889 725 -440 513 -651 181 744 -283 -141 -140 -301 411 363 -691 949 -598 -944 -858 -291 363 376 97 726 32 54 -169 755 891 -583 -671 -387 -427 630 301 139 987 -407 -269 -46 23 87 -689 200 272 417 529 -937 -515 215 200 -923 -885 946 65 -497 -650 -910 -602 -507 141 -822 63 -426 910 -451 -28 -98 791 -533 923 708 420 829 -343 972 875 -853 605 443 -565 -537 -887 387 -101 514 -431 -808 561 869 434 -843 665 -384 149 -921 11 -448 515 792 -193 225 -428 -953 -693 301 -903 968 574 891 -135 787 503 949 -912 -130 257 -645 -973 787 -934 -603 48 -539 -701 777 462 967 -808 -601 365 715 319 770 91 418 995 -614 -572 691 785 -447 837 -126 572 49 65 -551 -341 920 -357 847 559 868 -192 -812 910 -234 335 -409 -255 679 -471 91 -135 -663 -286 -940 399 751 -503 555 569 553 -967 -253 269 -308 -863 907 -579 968 550 391 -973 -193 -728 -585 511 -329 222 -315 484 660 823 369 -381 -684 437 -642 481 14 -735 -905 -43 -132 987 -39 -351 301 -733 -399 -990 286 -262 210 319 557 -270 -169 -942 -968 619 -219 854 -45 -101 845 -399 -991 91 75 -757 755 -717 157 -895 -609 -885 -493 -611 287 106 -950 -374 540 912 -770 924 866 910 902 -464 -166 586 -196 630 -40 98 550 -616 954 -18 -222 414 -152 458 616 -502 -596 884 -796 378 -180 -466 342 374 332 144 -118 466 -418 94 -90 -806 -566 -520 720 658 -514 742 -52 -236 -168 636 312 -606 -214 428 276 702 -78 -882 -156 -28 606 674 -918 -952 18 712 936 364 -712 916 -876 392 -126 462 34 -472 224 -726 -896 6 994 -42 994 292 434 -642 0 840 -256 -938 520 286 -442 -32 -298 448 976 34 352 -112 -384 -326 574 38 98 -462 154 770 224 116 -422 -482 522 132 990 -790 -364 -310 32 572 686 -308 462 436 120 0 526 594 -418 980 -52
512
-763 924 618 -283 -299 -345 -223 836 671 418 790 77 -193 612 400 689 -593 941 363 470 -519 121 -905 551 -70 -623 -226 537 -533 481 -722 -789 -937 -98 -330 -706 -591 -593 734 464 -379 -529 314 389 46 273 511 -704 136 103 -623 -79 639 -429 203 256 -637 798 329 -585 973 889 -107 627 -649 -107 -645 -532 806 516 159 114 469 17 -572 -29 -308 -167 -335 790 -231 -363 -241 195 -625 191 232 -649 29 -819 -795 923 -700 -104 -438 -688 -615 -45 -988 301 -672 200 577 769 71 469 80 389 297 -459 789 -106 383 -639 -476 623 809 -792 -964 -999 -386 -223 821 542 105 840 703 -209 301 -401 -526 35 -803 -286 -819 70 973 939 -133 866 -349 -153 759 -965 -287 -185 -26 -768 133 -372 670 -621 -987 -436 965 963 -210 691 227 239 -768 466 195 -549 605 455 257 -621 301 -69 521 -331 -637 64 364 -847 -407 -504 903 196 -852 -607 117 -497 -285 961 481 -343 897 697 -998 399 -371 -113 -792 -819 130 -575 435 677 -987 925 -675 284 -569 -187 544 -882 -144 -51 -483 -282 -7 -783 -367 -311 587 429 407 -444 -55 -938 -7 -798 605 539 -922 -614 767 -473 489 217 511 553 -627 616 -704 847 -658 604 138 -380 -77 -791 891 158 779 -59 -961 959 653 -713 605 -238 678 682 0 -539 407 447 179 -859 496 776 -825 265 315 106 -91 747 152 -815 -820 869 259 -911 335 -442 539 -749 915 263 366 280 -42 429 809 318 -154 -124 333 -889 749 -643 -308 -595 793 -377 -891 -798 462 276 -19 -123 845 -791 -149 429 -79 391 78 763 -877 -340 127 696 -609 832 955 -392 427 520 677 -523 961 187 -369 616 -253 -833 -337 352 -176 41 -783 781 227 207 235 154 -819 -523 -385 -498 169 -899 475 809 -930 -706 517 363 138 -587 -917 -135 -369 -531 -702 871 -686 -284 -216 -588 286 454 726 128 -628 114 444 606 52 116 -390 -202 0 -914 -924 210 32 880 808 476 870 750 -198 -966 -916 326 182 -644 686 582 182 -518 396 670 986 -360 -358 -336 -954 -380 -624 282 308 -762 826 860 92 -654 14 -462 828 812 -294 -418 -210 -182 286 -90 -434 -608 -60 -480 26 -536 -720 -308 -934 -88 686 60 -456 912 -338 -410 -678 -702 -546 968 -220 962 -14 132 -812 -802 -352 430 -70 -242 -344 308 -670 128 828 968 -306 238 414 -590 916 338 -776 -440 -482 -780 -354 -462 222 126 182 -478 -636 -620 322 -490 168 868 -896 98 -734 940 612 416 936 760 312 -214 -954 -616 -740 728 988 -92 434 430 898 110 568 432 994 -868 -132 -36 -58 -208 -8 182 -920 728
328
901 221 913 -100 -434 673 499 -978 270 689 480 -401 -427 924 253 913 473 441 -89 119 835 957 932 467 -9 335 -853 -651 -11 -574 902 378 875 -797 339 382 -556 -553 -913 170 -987 457 -434 707 12 407 780 -487 663 -193 -143 209 -649 827 -885 -871 551 -591 -569 401 -882 -800 -563 -196 -18 -717 11 -171 880 -133 583 -326 493 821 495 885 326 529 127 783 379 330 843 880 231 87 -559 -562 -380 -39 243 31 355 -853 743 -451 -383 -471 52 728 -655 -69 324 -434 -478 154 135 -883 124 297 442 -137 133 -411 77 -229 -379 487 -264 426 -46 251 388 819 -53 -189 -671 189 -189 919 -848 413 441 275 -105 203 -469 -530 399 -536 -658 -195 -845 -840 -383 827 -903 101 -175 74 708 889 -907 -385 529 941 144 109 -506 189 -550 -119 -49 -38 -89 -985 -177 691 -224 -556 -683 -119 562 -235 594 -190 21 -735 -319 -89 -676 -636 272 350 -831 608 646 217 -119 -561 969 -553 159 456 -500 201 -315 537 -252 289 -573 114 -897 -913 973 719 121 -678 983 -343 439 -702 741 256 681 -770 -998 -384 551 -324 281 -789 -291 961 407 752 -36 -77 -213 -803 -555 -392 1 418 209 -96 869 612 799 -505 432 -471 -747 -669 -95 231 951 337 -917 -595 0 756 -490 -924 -288 952 -656 674 10 166 -882 -846 830 348 -340 762 -138 -550 888 -518 -178 718 584 566 460 164 210 200 -672 -350 212 -656 -946 406 -574 672 284 172 -814 -378 574 -478 -550 -904 18 -908 -370 412 70 -900 362 984 164 -276 -674 -182 -36 -364 -126 0 854 -616 546 288 70 -884 -784 140 -588 -494 182 -442 -418 272 -550 -6 -352 468
87
667 -735 781 -743 -395 231 55 -494 -427 -367 272 -567 56 -6 452 -143 -637 -20 882 -693 851 371 323 -567 546 -507 517 -147 -433 -717 905 229 56 289 558 -737 -539 867 758 927 325 -749 -815 418 -675 -825 228 -76 180 -992 867 475 -767 -821 600 364 653 643 -737 -275 -850 -182 973 -711 735 -980 -713 -858 -230 550 -812 -638 224 838 -448 310 -588 236 676 -936 658 -378 814 -350 -570 -550 -418
