30
1
1
2
2 1
3
1 2 3
5
1 2 3 4 5
5
5 2 3 4 1
24
-91 94 90 -85 -45 -27 74 72 -27 -21 60 56 -3 52 17 -24 41 -36 55 73 -42 -56 -58 -88
50
-87 -83 94 -81 88 -53 -53 -53 -49 68 60 -49 -33 -33 -27 50 -25 -21 46 44 -17 44 32 21 37 41 43 51 57 30 16 59 59 73 83 91 95 -2 -2 -6 -10 -26 -48 -50 -58 -66 -86 -90 -92 -96
70
-93 -93 -69 -61 -57 100 100 -49 82 -43 -43 -31 78 -21 -19 -13 -13 -11 -7 -7 54 -1 -1 7 7 9 9 44 25 34 24 27 31 33 22 33 37 39 49 8 2 59 65 71 71 0 75 77 81 83 87 89 99 0 0 -2 -4 -10 -10 -12 -18 -30 -38 -40 -80 -88 -90 -90 -94 -98
95
-95 -93 -91 -87 98 -65 98 -65 -43 -41 -35 90 -31 88 -27 78 -21 -11 76 66 -11 -1 3 66 3 62 62 5 17 17 54 25 54 29 48 46 29 31 31 33 46 44 33 37 38 30 28 37 26 41 43 43 22 45 18 14 10 10 53 57 6 0 -2 -8 -12 61 63 63 65 71 -22 75 -26 79 -28 -30 81 87 89 -34 99 -36 -44 -44 -44 -50 -54 -56 -60 -60 -60 -72 -88 -96 -96
5
-53 9 -20 -42 -66
48
-95 90 76 -81 -79 -73 -61 74 72 -47 -47 -41 -41 56 -39 48 -29 -23 14 12 10 -20 -21 -17 -11 9 -24 15 17 -30 -36 19 -42 -46 21 -46 -72 23 27 33 51 61 67 67 85 -80 93 -80
42
-87 86 72 -53 -45 58 58 -33 -33 48 -23 40 38 -13 1 11 15 32 30 21 39 43 18 45 47 14 47 0 -28 49 51 -34 73 85 99 -38 -40 -58 -58 -70 -96 -98
77
100 -95 -93 94 -79 -63 -57 94 -55 -45 -41 92 90 80 -41 78 -35 -31 -21 -17 -15 -13 76 -9 74 -5 72 23 27 46 33 37 43 45 53 61 61 67 69 73 85 85 97 46 44 42 40 26 22 22 16 14 14 10 6 6 4 0 0 -2 -6 -12 -24 -30 -38 -38 -40 -40 -40 -52 -54 -68 -70 -74 -98 -100 -100
78
-99 -97 -95 -89 -89 -85 -81 -81 -77 -73 98 98 -73 98 -71 -69 -51 90 -49 88 -47 -41 -29 78 74 68 64 62 -27 -25 -23 -21 62 54 -19 -19 42 -13 -13 -3 -1 24 4 0 -12 -16 7 -34 7 9 21 25 31 35 35 37 39 -36 43 -36 47 49 51 51 -42 77 -60 77 -62 -64 85 95 97 -64 -86 -90 -96 -96
71
100 -99 -99 -91 98 -67 -67 -65 -59 70 -59 -59 -43 70 60 -43 54 -41 -29 44 -25 -23 -9 44 42 -9 -3 40 1 34 1 20 14 14 5 11 13 19 10 19 25 8 35 8 77 81 81 87 89 93 6 6 0 0 0 -10 -12 -20 -24 -30 -50 -54 -64 -72 -78 -78 -84 -84 -86 -90 -98
100
-96 -81 -55 88 -27 0 19 -92 57 88 -74 39 -24 11 -21 -87 85 0 -83 -81 -70 -45 80 -24 -32 -57 1 28 -7 -15 -53 82 46 -5 -64 -55 97 -1 69 -3 73 -59 90 5 51 50 0 9 67 99 -15 -66 85 -69 -37 68 -87 -87 18 13 -23 67 77 -1 -62 -21 83 -72 87 29 -11 15 -58 93 -1 -18 19 -95 52 56 -8 8 84 -20 78 -54 -12 -80 52 -68 72 70 94 30 -32 -46 -16 62 -94 58
100
59 67 -2 -86 -68 -49 -65 34 -84 71 87 67 45 79 69 -88 -75 17 -71 -29 25 -55 73 86 -75 -63 9 18 14 55 -59 50 20 64 -57 41 29 14 -79 3 -83 7 69 75 -53 -14 -66 5 37 57 -21 13 47 87 39 -75 61 45 76 21 -71 13 -18 63 9 12 85 -14 0 -97 -83 -34 -87 -10 4 78 30 48 -18 -78 96 0 -34 -98 42 -90 2 -52 -80 -20 8 -94 84 6 0 36 8 -58 -90 -64
100
-47 -1 -7 89 -49 55 7 55 42 46 -8 48 95 -74 -86 69 73 95 -14 -47 -75 -55 29 -33 -90 -5 -84 -49 80 37 23 32 31 -1 70 39 29 -50 -99 -7 -68 -15 59 31 8 17 50 -58 -96 0 57 78 70 51 -79 -85 -85 68 73 55 -87 7 -52 -71 -29 56 99 78 74 37 -68 -8 -89 81 -87 32 -81 -63 90 -70 -69 95 -46 -10 -14 56 -89 -96 67 95 69 -43 -91 99 -7 -60 -88 98 -2 88
90
-64 -33 -33 72 -61 66 -37 35 79 -7 66 -57 89 -21 81 44 23 -93 57 35 35 -39 -37 53 19 74 58 -4 85 29 98 74 91 79 31 -28 -65 2 69 69 -16 8 -24 5 -83 -59 -77 48 -38 11 -41 87 80 -83 -87 83 75 10 54 0 44 -24 74 -60 -62 -24 88 6 -28 -68 -62 -44 86 42 -4 -56 -66 14 -20 -52 -40 36 10 -96 -70 -66 14 6 30 -82
59
-75 91 53 -99 -99 21 72 23 23 43 57 -39 0 -51 -72 -48 99 -50 29 -35 -36 29 -5 28 -82 45 -65 -35 -61 82 -14 -23 -63 -65 -5 51 -100 13 -10 99 -37 99 89 33 73 67 -80 -60 46 -4 32 42 -16 -12 -8 -94 26 -24 -90
86
6 10 -47 -1 39 -97 -60 15 -81 -35 19 44 -47 59 -19 88 -64 47 -18 24 64 -27 -73 -47 85 -94 -55 62 27 -3 -43 -73 5 -49 -87 -29 -17 93 -7 -35 -59 74 -53 -69 -73 79 -86 79 23 81 21 27 33 -51 -87 -94 -76 -70 -40 36 -12 36 0 -40 36 16 64 -4 8 74 54 92 -20 84 100 100 -62 -72 -6 14 58 78 -40 -34 100 72
71
-37 -89 61 -43 -57 -96 -74 -66 33 70 1 -82 5 -87 35 12 -97 -75 -23 70 85 65 73 -9 100 -75 -100 84 26 33 -69 -45 71 6 36 49 -61 87 47 51 -28 61 -13 -92 -21 26 33 0 18 -100 56 -92 -32 66 -70 -78 4 -82 -4 96 20 86 -40 -78 0 90 0 88 -88 -52 82
77
-90 -93 55 -7 -51 38 -31 66 -18 9 18 57 19 -5 41 -73 36 64 16 52 -91 -65 95 -87 -40 -89 40 29 99 75 50 21 41 53 71 81 -62 10 -87 43 -90 8 -66 -94 49 -21 -10 -69 75 -11 0 -39 -43 -99 -62 -58 -38 -94 76 -64 -18 -22 46 -100 24 -74 0 -100 0 -44 10 -90 22 14 26 -60 40
81
94 -13 67 -96 -5 -53 -72 45 67 69 46 -80 -51 -21 -57 19 -91 31 25 -39 26 -29 -4 -43 52 9 -87 21 -39 -13 82 -7 -44 -91 -11 29 24 18 30 21 -30 97 -87 51 -9 -60 -44 -64 67 -37 85 -23 65 0 -20 -67 4 75 43 21 49 67 -35 42 -94 68 -30 -34 38 82 98 -58 70 28 -42 6 38 -10 -80 26 -88
33
65 69 4 -78 93 -79 37 59 23 75 -49 62 -68 -63 -11 -20 -96 -71 42 83 100 -28 44 96 39 22 -76 88 -76 -70 86 4 -76
4
-10 -51 -5 70
57
-69 41 -47 9 -97 -40 -82 -81 -72 57 75 -32 69 7 -62 73 86 -99 19 95 -99 75 -45 90 -3 61 -12 -52 54 -82 -80 13 -73 72 -89 -97 -83 31 -29 -82 32 -8 -54 45 69 17 -21 56 -55 16 30 -72 -40 -98 -98 46 -82
75
17 -69 84 -3 83 81 -41 -72 -73 10 59 7 82 90 53 -5 -33 -31 41 62 55 41 -23 18 1 -13 57 40 3 -25 -36 77 -19 5 33 -43 -19 -9 -39 -95 86 37 65 -94 57 -99 89 85 -7 -47 65 -20 86 -30 68 64 -80 -58 100 94 74 74 36 28 -66 74 36 -78 6 74 24 74 38 -90 30
4
61 -21 36 0
78
-53 -73 23 13 -10 -15 65 -83 -15 -41 49 56 87 38 32 30 -11 -97 -23 23 36 27 -86 -73 -91 45 50 -61 -53 0 74 -62 -92 -82 -72 -71 -27 75 55 -57 22 -65 87 71 0 -23 -72 -47 -93 48 70 -44 -44 -60 -34 34 -38 0 84 -6 0 -44 34 -24 -92 -100 40 -46 -32 -54 -48 -62 -44 28 46 0 -42 30
